0.0000000000e+00
0.0000000000e+00
0.0000000000e+00
1.1602744831e-05
0.0000000000e+00
2.3177537634e-05
0.0000000000e+00
2.3177537634e-05
4.6299238549e-05
0.0000000000e+00
3.4696493718e-05
0.0000000000e+00
4.6131862910e-05
6.9309400544e-05
9.2152590122e-05
0.0000000000e+00
3.4696493718e-05
6.9309400544e-05
0.0000000000e+00
4.6131862910e-05
9.2152590122e-05
1.0375533495e-04
1.3795131367e-04
1.3795131367e-04
1.8341770042e-04
0.0000000000e+00
5.7456096404e-05
0.0000000000e+00
6.8641913128e-05
1.1477377604e-04
1.3711846188e-04
0.0000000000e+00
7.9662365472e-05
0.0000000000e+00
9.0490904199e-05
1.5913281733e-04
1.8076380788e-04
1.7181495559e-04
2.0526468024e-04
2.2844221787e-04
2.7291639801e-04
2.3821990429e-04
2.7060123572e-04
3.1673309863e-04
3.5978676148e-04
0.0000000000e+00
5.7456096404e-05
1.1477377604e-04
0.0000000000e+00
6.8641913128e-05
1.3711846188e-04
1.7181495559e-04
2.2844221787e-04
2.0526468024e-04
2.7291639801e-04
0.0000000000e+00
7.9662365472e-05
1.5913281733e-04
0.0000000000e+00
9.0490904199e-05
1.8076380788e-04
2.3821990429e-04
3.1673309863e-04
2.7060123572e-04
3.5978676148e-04
2.8451914284e-04
3.3991063627e-04
3.3991063627e-04
4.0608600003e-04
3.9448325520e-04
4.4810552942e-04
4.7128306706e-04
5.3534477189e-04
3.9448325520e-04
4.7128306706e-04
4.4810552942e-04
5.3534477189e-04
5.4694751672e-04
6.2129432191e-04
6.2129432191e-04
7.0574711949e-04
0.0000000000e+00
1.0110144241e-04
0.0000000000e+00
1.1146841840e-04
2.0195932260e-04
2.2266829961e-04
0.0000000000e+00
1.2156685720e-04
0.0000000000e+00
1.3137243079e-04
2.4284084918e-04
2.6242837388e-04
3.0233066508e-04
3.3333175338e-04
4.0197366651e-04
4.4319218177e-04
3.6352981630e-04
3.9285210404e-04
4.8334300824e-04
5.2232941907e-04
0.0000000000e+00
1.4086151669e-04
0.0000000000e+00
1.5001125486e-04
2.8138368565e-04
2.9966111946e-04
0.0000000000e+00
1.5879960277e-04
0.0000000000e+00
1.6720538854e-04
3.1721664339e-04
3.3400796465e-04
4.2122797666e-04
4.4858907418e-04
5.6005749258e-04
5.9643633853e-04
4.7486948134e-04
5.0000588631e-04
6.3137831710e-04
6.6479925001e-04
5.0064827817e-04
5.5198492137e-04
5.9811678428e-04
6.5944788095e-04
6.0199178454e-04
6.5054839678e-04
7.1919030991e-04
7.7720014642e-04
6.9414437466e-04
7.6532217282e-04
7.8849971045e-04
8.6935273654e-04
8.3465624282e-04
9.0197955283e-04
9.4811141574e-04
1.0245860115e-03
6.9753778094e-04
7.4284673550e-04
8.3333763970e-04
8.8746754962e-04
7.8636610720e-04
8.2799105408e-04
9.3945947247e-04
9.8918815517e-04
9.6712991509e-04
1.0299503767e-03
1.0985922898e-03
1.1699519631e-03
1.0902895976e-03
1.1480022154e-03
1.2384931196e-03
1.3040506377e-03
0.0000000000e+00
1.0110144241e-04
2.0195932260e-04
0.0000000000e+00
1.1146841840e-04
2.2266829961e-04
3.0233066508e-04
4.0197366651e-04
3.3333175338e-04
4.4319218177e-04
0.0000000000e+00
1.2156685720e-04
2.4284084918e-04
0.0000000000e+00
1.3137243079e-04
2.6242837388e-04
3.6352981630e-04
4.8334300824e-04
3.9285210404e-04
5.2232941907e-04
5.0064827817e-04
5.9811678428e-04
5.5198492137e-04
6.5944788095e-04
6.9414437466e-04
7.8849971045e-04
7.6532217282e-04
8.6935273654e-04
6.0199178454e-04
7.1919030991e-04
6.5054839678e-04
7.7720014642e-04
8.3465624282e-04
9.4811141574e-04
9.0197955283e-04
1.0245860115e-03
0.0000000000e+00
1.4086151669e-04
2.8138368565e-04
0.0000000000e+00
1.5001125486e-04
2.9966111946e-04
4.2122797666e-04
5.6005749258e-04
4.4858907418e-04
5.9643633853e-04
0.0000000000e+00
1.5879960277e-04
3.1721664339e-04
0.0000000000e+00
1.6720538854e-04
3.3400796465e-04
4.7486948134e-04
6.3137831710e-04
5.0000588631e-04
6.6479925001e-04
6.9753778094e-04
8.3333763970e-04
7.4284673550e-04
8.8746754962e-04
9.6712991509e-04
1.0985922898e-03
1.0299503767e-03
1.1699519631e-03
7.8636610720e-04
9.3945947247e-04
8.2799105408e-04
9.8918815517e-04
1.0902895976e-03
1.2384931196e-03
1.1480022154e-03
1.3040506377e-03
8.8095548137e-04
9.7128895337e-04
9.7128895337e-04
1.0708852500e-03
1.0592825052e-03
1.1447241527e-03
1.1679016903e-03
1.2621045532e-03
1.0592825052e-03
1.1679016903e-03
1.1447241527e-03
1.2621045532e-03
1.2737072980e-03
1.3764444332e-03
1.3764444332e-03
1.4874683381e-03
1.2274080595e-03
1.3071350327e-03
1.3532668956e-03
1.4411690995e-03
1.3837130031e-03
1.4569574878e-03
1.5255994009e-03
1.6063543996e-03
1.4758655933e-03
1.5717312638e-03
1.5949088014e-03
1.6985069898e-03
1.6638104960e-03
1.7518814631e-03
1.7980133260e-03
1.8931880906e-03
1.2274080595e-03
1.3532668956e-03
1.3071350327e-03
1.4411690995e-03
1.4758655933e-03
1.5949088014e-03
1.5717312638e-03
1.6985069898e-03
1.3837130031e-03
1.5255994009e-03
1.4569574878e-03
1.6063543996e-03
1.6638104960e-03
1.7980133260e-03
1.7518814631e-03
1.8931880906e-03
1.7101097346e-03
1.8211908636e-03
1.8211908636e-03
1.9394873292e-03
1.9278845843e-03
2.0299338622e-03
2.0531113999e-03
2.1617893454e-03
1.9278845843e-03
2.0531113999e-03
2.0299338622e-03
2.1617893454e-03
2.1733920902e-03
2.2884368886e-03
2.2884368886e-03
2.4095713870e-03
0.0000000000e+00
1.7520836187e-04
0.0000000000e+00
1.8278924292e-04
3.4999463146e-04
3.6513813055e-04
0.0000000000e+00
1.8992976867e-04
0.0000000000e+00
1.9661273697e-04
3.7940197989e-04
3.9275181664e-04
5.2393773332e-04
5.4660736843e-04
6.9661862329e-04
7.2675978129e-04
5.6796017852e-04
5.8794472278e-04
7.5515011132e-04
7.8172121859e-04
0.0000000000e+00
2.0282204797e-04
0.0000000000e+00
2.0854274289e-04
4.0515547986e-04
4.1658308804e-04
0.0000000000e+00
2.1376104007e-04
0.0000000000e+00
2.1846436819e-04
4.2700711108e-04
4.3640243658e-04
6.0651285672e-04
6.2361984805e-04
8.0640909097e-04
8.2915425322e-04
6.3922448455e-04
6.5328917328e-04
8.4990191025e-04
8.6860207914e-04
8.6762129798e-04
9.0516136618e-04
1.0365337970e-03
1.0813823381e-03
9.4052082136e-04
9.7361447951e-04
1.1236257344e-03
1.1631622179e-03
1.2029491952e-03
1.2549981652e-03
1.3664665836e-03
1.4255905918e-03
1.3040237346e-03
1.3499077966e-03
1.4812802274e-03
1.5334013291e-03
1.0043626151e-03
1.0326911532e-03
1.1998965417e-03
1.2337402097e-03
1.0585318478e-03
1.0818224465e-03
1.2646116894e-03
1.2924366088e-03
1.3925398125e-03
1.4318170780e-03
1.5818283328e-03
1.6264445735e-03
1.4676449707e-03
1.4999371782e-03
1.6671425667e-03
1.7038242675e-03
0.0000000000e+00
2.2264139651e-04
0.0000000000e+00
2.2628206220e-04
4.4474643039e-04
4.5201899109e-04
0.0000000000e+00
2.2937759458e-04
0.0000000000e+00
2.3192053625e-04
4.5820259845e-04
4.6328235562e-04
6.6578003117e-04
6.7666696664e-04
8.8520970953e-04
8.9968479220e-04
6.8592375213e-04
6.9352808721e-04
9.1199245540e-04
9.2210304890e-04
0.0000000000e+00
2.3390476104e-04
0.0000000000e+00
2.3532548876e-04
4.6724602501e-04
4.7008405781e-04
0.0000000000e+00
2.3617929677e-04
0.0000000000e+00
4.7178961693e-04
1.4167912923e-03
6.9946165239e-04
7.0371015318e-04
9.2999221538e-04
9.3564094916e-04
7.0626335458e-04
9.3903564195e-04
2.8199381100e-03
1.1025068402e-03
1.1205351983e-03
1.3171479353e-03
1.3386861369e-03
1.1358640890e-03
1.1484565836e-03
1.3569993265e-03
1.3720433857e-03
1.5286159056e-03
1.5536120634e-03
1.7364013064e-03
1.7647952024e-03
1.5748654337e-03
1.5923248152e-03
1.7889375522e-03
1.8087701948e-03
1.1582823457e-03
1.1653177041e-03
1.3837820723e-03
1.3921871067e-03
1.1695457102e-03
1.3972382404e-03
4.1959273822e-03
1.6059481468e-03
1.6157026086e-03
1.8242453515e-03
1.8353257414e-03
1.6215647013e-03
1.8419846708e-03
5.5315075799e-03
1.5266920342e-03
1.5927486458e-03
1.6832395500e-03
1.7560696288e-03
1.6549681863e-03
1.7132007636e-03
1.8246691820e-03
1.8888729474e-03
1.8357319942e-03
1.9151600862e-03
1.9838019993e-03
2.0696367553e-03
1.9899743898e-03
2.0599946708e-03
2.1504855750e-03
2.2261536866e-03
1.7673060902e-03
1.8171538216e-03
1.9485262524e-03
2.0034853870e-03
1.8626238703e-03
1.9036066949e-03
2.0536179498e-03
2.0988031670e-03
2.1250522441e-03
2.1849903805e-03
2.2964587989e-03
2.3612315409e-03
2.2396646837e-03
2.2889434385e-03
2.4203158693e-03
2.4735694448e-03
2.1270928517e-03
2.2191274881e-03
2.2652593510e-03
2.3632721484e-03
2.3058160520e-03
2.3869497031e-03
2.4555916163e-03
2.5419953488e-03
2.3979686422e-03
2.5017234792e-03
2.5249010168e-03
2.6341479389e-03
2.5994514452e-03
2.6909171050e-03
2.7370489679e-03
2.8333562062e-03
2.4623329833e-03
2.5317842877e-03
2.6222751919e-03
2.6962377444e-03
2.5951363020e-03
2.6522364056e-03
2.7637048240e-03
2.8245138965e-03
2.7759001098e-03
2.8541957281e-03
2.9228376413e-03
3.0052777044e-03
2.9256153390e-03
2.9899868862e-03
3.0804777903e-03
3.1482567355e-03
1.9400035643e-03
1.9717267951e-03
2.1389321837e-03
2.1739083253e-03
1.9986999634e-03
2.0208580885e-03
2.2036473314e-03
2.2280775580e-03
2.3327079281e-03
2.3708527199e-03
2.5208639748e-03
2.5620855227e-03
2.4032859199e-03
2.4299293936e-03
2.5971347821e-03
2.6259273164e-03
2.0381477893e-03
2.0505274137e-03
2.2471401507e-03
2.2607891858e-03
2.0579671379e-03
2.2689917819e-03
6.8138163358e-03
2.4507189545e-03
2.4656045188e-03
2.6483937618e-03
2.6644799946e-03
2.4745502259e-03
2.6741472617e-03
8.0305043156e-03
2.7029470393e-03
2.7471460370e-03
2.8785184678e-03
2.9255884359e-03
2.7847269192e-03
2.8155991503e-03
2.9656104052e-03
2.9984879592e-03
3.0471552930e-03
3.0969828359e-03
3.2084512543e-03
3.2609163331e-03
3.1393494759e-03
3.1741531480e-03
3.3055255788e-03
3.3421715239e-03
2.8396883565e-03
2.8569365047e-03
3.0241418932e-03
3.0425104044e-03
2.8673020426e-03
3.0535492416e-03
9.1698541489e-03
3.2013100072e-03
3.2207546302e-03
3.3707658850e-03
3.3912397759e-03
3.2324401731e-03
3.4035438731e-03
1.0220893274e-02
0.0000000000e+00
1.7520836187e-04
3.4999463146e-04
0.0000000000e+00
1.8278924292e-04
3.6513813055e-04
5.2393773332e-04
6.9661862329e-04
5.4660736843e-04
7.2675978129e-04
0.0000000000e+00
1.8992976867e-04
3.7940197989e-04
0.0000000000e+00
1.9661273697e-04
3.9275181664e-04
5.6796017852e-04
7.5515011132e-04
5.8794472278e-04
7.8172121859e-04
8.6762129798e-04
1.0365337970e-03
9.0516136618e-04
1.0813823381e-03
1.2029491952e-03
1.3664665836e-03
1.2549981652e-03
1.4255905918e-03
9.4052082136e-04
1.1236257344e-03
9.7361447951e-04
1.1631622179e-03
1.3040237346e-03
1.4812802274e-03
1.3499077966e-03
1.5334013291e-03
0.0000000000e+00
2.0282204797e-04
4.0515547986e-04
0.0000000000e+00
2.0854274289e-04
4.1658308804e-04
6.0651285672e-04
8.0640909097e-04
6.2361984805e-04
8.2915425322e-04
0.0000000000e+00
2.1376104007e-04
4.2700711108e-04
0.0000000000e+00
2.1846436819e-04
4.3640243658e-04
6.3922448455e-04
8.4990191025e-04
6.5328917328e-04
8.6860207914e-04
1.0043626151e-03
1.1998965417e-03
1.0326911532e-03
1.2337402097e-03
1.3925398125e-03
1.5818283328e-03
1.4318170780e-03
1.6264445735e-03
1.0585318478e-03
1.2646116894e-03
1.0818224465e-03
1.2924366088e-03
1.4676449707e-03
1.6671425667e-03
1.4999371782e-03
1.7038242675e-03
1.5266920342e-03
1.6832395500e-03
1.5927486458e-03
1.7560696288e-03
1.8357319942e-03
1.9838019993e-03
1.9151600862e-03
2.0696367553e-03
1.6549681863e-03
1.8246691820e-03
1.7132007636e-03
1.8888729474e-03
1.9899743898e-03
2.1504855750e-03
2.0599946708e-03
2.2261536866e-03
2.1270928517e-03
2.2652593510e-03
2.2191274881e-03
2.3632721484e-03
2.3979686422e-03
2.5249010168e-03
2.5017234792e-03
2.6341479389e-03
2.3058160520e-03
2.4555916163e-03
2.3869497031e-03
2.5419953488e-03
2.5994514452e-03
2.7370489679e-03
2.6909171050e-03
2.8333562062e-03
1.7673060902e-03
1.9485262524e-03
1.8171538216e-03
2.0034853870e-03
2.1250522441e-03
2.2964587989e-03
2.1849903805e-03
2.3612315409e-03
1.8626238703e-03
2.0536179498e-03
1.9036066949e-03
2.0988031670e-03
2.2396646837e-03
2.4203158693e-03
2.2889434385e-03
2.4735694448e-03
2.4623329833e-03
2.6222751919e-03
2.5317842877e-03
2.6962377444e-03
2.7759001098e-03
2.9228376413e-03
2.8541957281e-03
3.0052777044e-03
2.5951363020e-03
2.7637048240e-03
2.6522364056e-03
2.8245138965e-03
2.9256153390e-03
3.0804777903e-03
2.9899868862e-03
3.1482567355e-03
0.0000000000e+00
2.2264139651e-04
4.4474643039e-04
0.0000000000e+00
2.2628206220e-04
4.5201899109e-04
6.6578003117e-04
8.8520970953e-04
6.7666696664e-04
8.9968479220e-04
0.0000000000e+00
2.2937759458e-04
4.5820259845e-04
0.0000000000e+00
2.3192053625e-04
4.6328235562e-04
6.8592375213e-04
9.1199245540e-04
6.9352808721e-04
9.2210304890e-04
1.1025068402e-03
1.3171479353e-03
1.1205351983e-03
1.3386861369e-03
1.5286159056e-03
1.7364013064e-03
1.5536120634e-03
1.7647952024e-03
1.1358640890e-03
1.3569993265e-03
1.1484565836e-03
1.3720433857e-03
1.5748654337e-03
1.7889375522e-03
1.5923248152e-03
1.8087701948e-03
0.0000000000e+00
2.3390476104e-04
4.6724602501e-04
0.0000000000e+00
2.3532548876e-04
4.7008405781e-04
6.9946165239e-04
9.2999221538e-04
7.0371015318e-04
9.3564094916e-04
0.0000000000e+00
2.3617929677e-04
4.7178961693e-04
0.0000000000e+00
1.4167912923e-03
7.0626335458e-04
9.3903564195e-04
2.8199381100e-03
1.1582823457e-03
1.3837820723e-03
1.1653177041e-03
1.3921871067e-03
1.6059481468e-03
1.8242453515e-03
1.6157026086e-03
1.8353257414e-03
1.1695457102e-03
1.3972382404e-03
4.1959273822e-03
1.6215647013e-03
1.8419846708e-03
5.5315075799e-03
1.9400035643e-03
2.1389321837e-03
1.9717267951e-03
2.1739083253e-03
2.3327079281e-03
2.5208639748e-03
2.3708527199e-03
2.5620855227e-03
1.9986999634e-03
2.2036473314e-03
2.0208580885e-03
2.2280775580e-03
2.4032859199e-03
2.5971347821e-03
2.4299293936e-03
2.6259273164e-03
2.7029470393e-03
2.8785184678e-03
2.7471460370e-03
2.9255884359e-03
3.0471552930e-03
3.2084512543e-03
3.0969828359e-03
3.2609163331e-03
2.7847269192e-03
2.9656104052e-03
2.8155991503e-03
2.9984879592e-03
3.1393494759e-03
3.3055255788e-03
3.1741531480e-03
3.3421715239e-03
2.0381477893e-03
2.2471401507e-03
2.0505274137e-03
2.2607891858e-03
2.4507189545e-03
2.6483937618e-03
2.4656045188e-03
2.6644799946e-03
2.0579671379e-03
2.2689917819e-03
6.8138163358e-03
2.4745502259e-03
2.6741472617e-03
8.0305043156e-03
2.8396883565e-03
3.0241418932e-03
2.8569365047e-03
3.0425104044e-03
3.2013100072e-03
3.3707658850e-03
3.2207546302e-03
3.3912397759e-03
2.8673020426e-03
3.0535492416e-03
9.1698541489e-03
3.2324401731e-03
3.4035438731e-03
1.0220893274e-02
2.6457506838e-03
2.7602265056e-03
2.7602265056e-03
2.8796554448e-03
2.8680527000e-03
2.9689695042e-03
2.9921470418e-03
3.0974302945e-03
2.8680527000e-03
2.9921470418e-03
2.9689695042e-03
3.0974302945e-03
3.1090330394e-03
3.2184291040e-03
3.2184291040e-03
3.3316744359e-03
3.0627338008e-03
3.1491197035e-03
3.1952515664e-03
3.2853751973e-03
3.2279191009e-03
3.2989421585e-03
3.3675840717e-03
3.4416801410e-03
3.3200716911e-03
3.4137159346e-03
3.4368934722e-03
3.5338327311e-03
3.4991362374e-03
3.5761268146e-03
3.6222586775e-03
3.7019582854e-03
3.0627338008e-03
3.1952515664e-03
3.1491197035e-03
3.2853751973e-03
3.3200716911e-03
3.4368934722e-03
3.4137159346e-03
3.5338327311e-03
3.2279191009e-03
3.3675840717e-03
3.2989421585e-03
3.4416801410e-03
3.4991362374e-03
3.6222586775e-03
3.5761268146e-03
3.7019582854e-03
3.5454354760e-03
3.6454362151e-03
3.6454362151e-03
3.7482575239e-03
3.7366547791e-03
3.8188714144e-03
3.8420489521e-03
3.9265845478e-03
3.7366547791e-03
3.8420489521e-03
3.8188714144e-03
3.9265845478e-03
3.9381872926e-03
4.0248381950e-03
4.0248381950e-03
4.1133956545e-03
3.3620177755e-03
3.4169939972e-03
3.5074849014e-03
3.5648398235e-03
3.4637383811e-03
3.5021383158e-03
3.6136067342e-03
3.6536681498e-03
3.6445021890e-03
3.7040976384e-03
3.7727395515e-03
3.8344319576e-03
3.7547695922e-03
3.7963959771e-03
3.8868868813e-03
3.9299779540e-03
3.5321012926e-03
3.5535551279e-03
3.6849275587e-03
3.7073096544e-03
3.5664481378e-03
3.7207605165e-03
1.1173499610e-02
3.8288765116e-03
3.8521329473e-03
3.9636013657e-03
3.9876761144e-03
3.8661092572e-03
4.0021442021e-03
1.2018499036e-02
3.8918880541e-03
3.9555287945e-03
4.0016606574e-03
4.0670964159e-03
4.0096403195e-03
4.0540922699e-03
4.1227341830e-03
4.1684399223e-03
4.1017929096e-03
4.1688660459e-03
4.1920435835e-03
4.2605925124e-03
4.2258960187e-03
4.2727454378e-03
4.3188773008e-03
4.3667575354e-03
4.0887775568e-03
4.1136126205e-03
4.2041035247e-03
4.2296390735e-03
4.1285376311e-03
4.2449850513e-03
1.2747753746e-02
4.3093014390e-03
4.3354759555e-03
4.4041178686e-03
4.4308682962e-03
4.3512059307e-03
4.4469443739e-03
1.3354240620e-02
3.3620177755e-03
3.5074849014e-03
3.4169939972e-03
3.5648398235e-03
3.6445021890e-03
3.7727395515e-03
3.7040976384e-03
3.8344319576e-03
3.4637383811e-03
3.6136067342e-03
3.5021383158e-03
3.6536681498e-03
3.7547695922e-03
3.8868868813e-03
3.7963959771e-03
3.9299779540e-03
3.8918880541e-03
4.0016606574e-03
3.9555287945e-03
4.0670964159e-03
4.1017929096e-03
4.1920435835e-03
4.1688660459e-03
4.2605925124e-03
4.0096403195e-03
4.1227341830e-03
4.0540922699e-03
4.1684399223e-03
4.2258960187e-03
4.3188773008e-03
4.2727454378e-03
4.3667575354e-03
3.5321012926e-03
3.6849275587e-03
3.5535551279e-03
3.7073096544e-03
3.8288765116e-03
3.9636013657e-03
3.8521329473e-03
3.9876761144e-03
3.5664481378e-03
3.7207605165e-03
1.1173499610e-02
3.8661092572e-03
4.0021442021e-03
1.2018499036e-02
4.0887775568e-03
4.2041035247e-03
4.1136126205e-03
4.2296390735e-03
4.3093014390e-03
4.4041178686e-03
4.3354759555e-03
4.4308682962e-03
4.1285376311e-03
4.2449850513e-03
1.2747753746e-02
4.3512059307e-03
4.4469443739e-03
1.3354240620e-02
4.2721952572e-03
4.3420548384e-03
4.3420548384e-03
4.4130567739e-03
4.4014540291e-03
4.4502497315e-03
4.4734272692e-03
4.5230208863e-03
4.4014540291e-03
4.4734272692e-03
4.4502497315e-03
4.5230208863e-03
4.5346236311e-03
4.5848956876e-03
4.5848956876e-03
4.6357250735e-03
4.4883243926e-03
4.5155862870e-03
4.5617181499e-03
4.5894258350e-03
4.5319697386e-03
4.6060771912e-03
1.3832118856e-02
4.6241223287e-03
4.6522090541e-03
4.6753865918e-03
4.7037846942e-03
4.6690882005e-03
4.7208509673e-03
1.4176786226e-02
4.4883243926e-03
4.5617181499e-03
4.5155862870e-03
4.5894258350e-03
4.6241223287e-03
4.6753865918e-03
4.6522090541e-03
4.7037846942e-03
4.5319697386e-03
4.6060771912e-03
1.3832118856e-02
4.6690882005e-03
4.7208509673e-03
1.4176786226e-02
4.7153874390e-03
4.7440285049e-03
4.7440285049e-03
4.7728435354e-03
4.7612407906e-03
4.7901603678e-03
1.4384923395e-02
4.7612407906e-03
4.7901603678e-03
1.4384923395e-02
4.8075400291e-03
1.8068882968e-02
0.0000000000e+00
1.8803362312e-03
0.0000000000e+00
3.7425637967e-03
1.1056356230e-02
0.0000000000e+00
5.5687484268e-03
7.3413029655e-03
2.1687822891e-02
8.1521656795e-02
0.0000000000e+00
9.0431567434e-03
1.0657919978e-02
3.1485838681e-02
1.2170041618e-02
1.3564959104e-02
4.0073871348e-02
1.5063238034e-01
4.5676833989e-01
0.0000000000e+00
0.0000000000e+00
1.4829238618e-02
1.5950704458e-02
4.7121887613e-02
1.6918556294e-02
1.7723473185e-02
5.2359036162e-02
1.9681068946e-01
1.8357703340e-02
1.8815138777e-02
5.5584056316e-02
1.9091374142e-02
1.9183749137e-02
5.6673012357e-02
2.1302635521e-01
6.4596798113e-01
0.0000000000e+00
1.9183749137e-02
1.9091374142e-02
5.6673012357e-02
6.9671995344e-02
2.1302635521e-01
2.4883063432e-01
6.4596798113e-01
6.0193506403e-01
0.0000000000e+00
0.0000000000e+00
0.0000000000e+00
0.0000000000e+00
0.0000000000e+00
1.8803362312e-03
3.7425637967e-03
0.0000000000e+00
1.1056356230e-02
5.5687484268e-03
7.3413029655e-03
2.1687822891e-02
0.0000000000e+00
8.1521656795e-02
9.0431567434e-03
1.0657919978e-02
3.1485838681e-02
1.2170041618e-02
1.3564959104e-02
4.0073871348e-02
1.5063238034e-01
0.0000000000e+00
4.5676833989e-01
1.4829238618e-02
1.5950704458e-02
4.7121887613e-02
1.6918556294e-02
1.7723473185e-02
5.2359036162e-02
1.9681068946e-01
1.8357703340e-02
1.8815138777e-02
5.5584056316e-02
1.9091374142e-02
0.0000000000e+00
0.0000000000e+00
