0.0000000000e+00
0.0000000000e+00
0.0000000000e+00
3.8190122440e-02
0.0000000000e+00
7.4912903277e-02
0.0000000000e+00
7.4912903277e-02
1.4694842351e-01
0.0000000000e+00
1.0875647898e-01
0.0000000000e+00
1.3841777513e-01
2.1333796679e-01
2.7153098566e-01
0.0000000000e+00
1.0875647898e-01
2.1333796679e-01
0.0000000000e+00
1.3841777513e-01
2.7153098566e-01
3.0972260282e-01
3.9420749214e-01
3.9420749214e-01
5.0176206687e-01
0.0000000000e+00
1.6274684789e-01
0.0000000000e+00
1.8076617856e-01
3.1929589838e-01
3.5484803492e-01
0.0000000000e+00
1.9157219818e-01
0.0000000000e+00
3.7713757936e-01
3.8726277200e-01
4.6352330377e-01
5.1493129508e-01
5.9004007051e-01
6.5584974129e-01
5.4592698924e-01
6.9736601620e-01
7.1725368649e-01
0.0000000000e+00
1.6274684789e-01
3.1929589838e-01
0.0000000000e+00
1.8076617856e-01
3.5484803492e-01
4.6352330377e-01
5.9004007051e-01
5.1493129508e-01
6.5584974129e-01
0.0000000000e+00
1.9157219818e-01
3.7713757936e-01
0.0000000000e+00
3.8726277200e-01
5.4592698924e-01
6.9736601620e-01
7.1725368649e-01
6.9369147079e-01
7.7068947559e-01
7.7068947559e-01
8.5702645429e-01
8.1695890341e-01
9.1045626777e-01
9.3563472714e-01
8.1695890341e-01
9.1045626777e-01
9.3563472714e-01
9.6233686565e-01
1.0186285988e+00
0.0000000000e+00
3.5629866621e-01
0.0000000000e+00
6.6571372028e-01
5.2634683892e-01
0.0000000000e+00
0.0000000000e+00
8.6146725844e-01
9.4406751181e-01
7.4804466633e-01
0.0000000000e+00
9.4406751181e-01
8.6318185185e-01
7.4804466633e-01
5.5329039555e-01
0.0000000000e+00
0.0000000000e+00
0.0000000000e+00
0.0000000000e+00
0.0000000000e+00
3.5629866621e-01
6.6571372028e-01
0.0000000000e+00
5.2634683892e-01
8.6146725844e-01
0.0000000000e+00
0.0000000000e+00
