-1.0000000000e+00
-9.8746974943e-01
-9.5964828494e-01
-9.2038968298e-01
-8.7500000000e-01
-8.2961031702e-01
-7.9035171506e-01
-7.6253025057e-01
-7.5000000000e-01
-1.0000000000e+00
-9.8734414368e-01
-9.5924379126e-01
-9.1959165320e-01
-8.7374697494e-01
-8.2790229668e-01
-7.8825015863e-01
-7.6014980620e-01
-7.4749394989e-01
-1.0000000000e+00
-9.8706525575e-01
-9.5834567621e-01
-9.1781975272e-01
-8.7096482849e-01
-8.2410990427e-01
-7.8358398078e-01
-7.5486440124e-01
-7.4192965699e-01
-1.0000000000e+00
-9.8667171965e-01
-9.5707835468e-01
-9.1531944092e-01
-8.6703896830e-01
-8.1875849568e-01
-7.7699958192e-01
-7.4740621695e-01
-7.3407793660e-01
-1.0000000000e+00
-9.8621672437e-01
-9.5561311343e-01
-9.1242865128e-01
-8.6250000000e-01
-8.1257134872e-01
-7.6938688657e-01
-7.3878327563e-01
-7.2500000000e-01
-1.0000000000e+00
-9.8576172909e-01
-9.5414787219e-01
-9.0953786163e-01
-8.5796103170e-01
-8.0638420177e-01
-7.6177419122e-01
-7.3016033432e-01
-7.1592206340e-01
-1.0000000000e+00
-9.8536819299e-01
-9.5288055065e-01
-9.0703754984e-01
-8.5403517151e-01
-8.0103279318e-01
-7.5518979236e-01
-7.2270215002e-01
-7.0807034301e-01
-1.0000000000e+00
-9.8508930506e-01
-9.5198243561e-01
-9.0526564935e-01
-8.5125302506e-01
-7.9724040076e-01
-7.5052361451e-01
-7.1741674506e-01
-7.0250605011e-01
-1.0000000000e+00
-9.8496369931e-01
-9.5157794193e-01
-9.0446761957e-01
-8.5000000000e-01
-7.9553238043e-01
-7.4842205807e-01
-7.1503630069e-01
-7.0000000000e-01
-7.3746974943e-01
-7.0964828494e-01
-6.7038968298e-01
-6.2500000000e-01
-5.7961031702e-01
-5.4035171506e-01
-5.1253025057e-01
-5.0000000000e-01
-7.3483809357e-01
-7.0673774114e-01
-6.6708560309e-01
-6.2124092483e-01
-5.7539624657e-01
-5.3574410851e-01
-5.0764375609e-01
-4.9498789977e-01
-7.2899491273e-01
-7.0027533320e-01
-6.5974940970e-01
-6.1289448548e-01
-5.6603956126e-01
-5.2551363776e-01
-4.9679405823e-01
-4.8385931398e-01
-7.2074965625e-01
-6.9115629127e-01
-6.4939737751e-01
-6.0111690489e-01
-5.5283643227e-01
-5.1107751852e-01
-4.8148415354e-01
-4.6815587319e-01
-7.1121672437e-01
-6.8061311343e-01
-6.3742865128e-01
-5.8750000000e-01
-5.3757134872e-01
-4.9438688657e-01
-4.6378327563e-01
-4.5000000000e-01
-7.0168379249e-01
-6.7006993559e-01
-6.2545992504e-01
-5.7388309511e-01
-5.2230626517e-01
-4.7769625462e-01
-4.4608239772e-01
-4.3184412681e-01
-6.9343853600e-01
-6.6095089367e-01
-6.1510789285e-01
-5.6210551452e-01
-5.0910313619e-01
-4.6326013537e-01
-4.3077249303e-01
-4.1614068602e-01
-6.8759535517e-01
-6.5448848572e-01
-6.0777169947e-01
-5.5375907517e-01
-4.9974645088e-01
-4.5302966462e-01
-4.1992279517e-01
-4.0501210023e-01
-6.8496369931e-01
-6.5157794193e-01
-6.0446761957e-01
-5.5000000000e-01
-4.9553238043e-01
-4.4842205807e-01
-4.1503630069e-01
-4.0000000000e-01
-1.0000000000e+00
-9.8483809357e-01
-9.5117344825e-01
-9.0366958980e-01
-8.4874697494e-01
-7.9382436009e-01
-7.4632050164e-01
-7.1265585632e-01
-6.9749394989e-01
-1.0000000000e+00
-9.8455920563e-01
-9.5027533320e-01
-9.0189768931e-01
-8.4596482849e-01
-7.9003196768e-01
-7.4165432379e-01
-7.0737045136e-01
-6.9192965699e-01
-1.0000000000e+00
-9.8416566954e-01
-9.4900801166e-01
-8.9939737751e-01
-8.4203896830e-01
-7.8468055908e-01
-7.3506992493e-01
-6.9991226706e-01
-6.8407793660e-01
-1.0000000000e+00
-9.8371067425e-01
-9.4754277042e-01
-8.9650658787e-01
-8.3750000000e-01
-7.7849341213e-01
-7.2745722958e-01
-6.9128932575e-01
-6.7500000000e-01
-1.0000000000e+00
-9.8325567897e-01
-9.4607752918e-01
-8.9361579823e-01
-8.3296103170e-01
-7.7230626517e-01
-7.1984453423e-01
-6.8266638443e-01
-6.6592206340e-01
-1.0000000000e+00
-9.8286214288e-01
-9.4481020764e-01
-8.9111548643e-01
-8.2903517151e-01
-7.6695485658e-01
-7.1326013537e-01
-6.7520820013e-01
-6.5807034301e-01
-1.0000000000e+00
-9.8258325494e-01
-9.4391209260e-01
-8.8934358595e-01
-8.2625302506e-01
-7.6316246417e-01
-7.0859395752e-01
-6.6992279517e-01
-6.5250605011e-01
-1.0000000000e+00
-9.8245764920e-01
-9.4350759891e-01
-8.8854555617e-01
-8.2500000000e-01
-7.6145444383e-01
-7.0649240109e-01
-6.6754235080e-01
-6.5000000000e-01
-6.8233204345e-01
-6.4866739813e-01
-6.0116353968e-01
-5.4624092483e-01
-4.9131830997e-01
-4.4381445152e-01
-4.1014980620e-01
-3.9498789977e-01
-6.7648886262e-01
-6.4220499019e-01
-5.9382734630e-01
-5.3789448548e-01
-4.8196162466e-01
-4.3358398078e-01
-3.9930010834e-01
-3.8385931398e-01
-6.6824360613e-01
-6.3308594826e-01
-5.8347531411e-01
-5.2611690489e-01
-4.6875849568e-01
-4.1914786153e-01
-3.8399020366e-01
-3.6815587319e-01
-6.5871067425e-01
-6.2254277042e-01
-5.7150658787e-01
-5.1250000000e-01
-4.5349341213e-01
-4.0245722958e-01
-3.6628932575e-01
-3.5000000000e-01
-6.4917774238e-01
-6.1199959258e-01
-5.5953786163e-01
-4.9888309511e-01
-4.3822832858e-01
-3.8576659763e-01
-3.4858844784e-01
-3.3184412681e-01
-6.4093248589e-01
-6.0288055065e-01
-5.4918582944e-01
-4.8710551452e-01
-4.2502519959e-01
-3.7133047838e-01
-3.3327854315e-01
-3.1614068602e-01
-6.3508930506e-01
-5.9641814271e-01
-5.4184963606e-01
-4.7875907517e-01
-4.1566851428e-01
-3.6110000763e-01
-3.2242884529e-01
-3.0501210023e-01
-6.3245764920e-01
-5.9350759891e-01
-5.3854555617e-01
-4.7500000000e-01
-4.1145444383e-01
-3.5649240109e-01
-3.1754235080e-01
-3.0000000000e-01
-4.7493949885e-01
-4.1929656988e-01
-3.4077936596e-01
-2.5000000000e-01
-1.5922063404e-01
-8.0703430122e-02
-2.5060501147e-02
0.0000000000e+00
-4.7017861011e-01
-4.1509345701e-01
-3.3736332528e-01
-2.4749394989e-01
-1.5762457449e-01
-7.9894442761e-02
-2.4809289660e-02
0.0000000000e+00
-4.5960780019e-01
-4.0576110131e-01
-3.2977854046e-01
-2.4192965699e-01
-1.5408077352e-01
-7.8098212669e-02
-2.4251513786e-02
0.0000000000e+00
-4.4469143160e-01
-3.9259230359e-01
-3.1907572327e-01
-2.3407793660e-01
-1.4908014992e-01
-7.5563569597e-02
-2.3464441594e-02
0.0000000000e+00
-4.2744554897e-01
-3.7736691289e-01
-3.0670142936e-01
-2.2500000000e-01
-1.4329857064e-01
-7.2633087110e-02
-2.2554451032e-02
0.0000000000e+00
-4.1019966634e-01
-3.6214152219e-01
-2.9432713545e-01
-2.1592206340e-01
-1.3751699136e-01
-6.9702604623e-02
-2.1644460471e-02
0.0000000000e+00
-3.9528329775e-01
-3.4897272447e-01
-2.8362431826e-01
-2.0807034301e-01
-1.3251636776e-01
-6.7167961551e-02
-2.0857388279e-02
0.0000000000e+00
-3.8471248782e-01
-3.3964036877e-01
-2.7603953344e-01
-2.0250605011e-01
-1.2897256679e-01
-6.5371731459e-02
-2.0299612405e-02
0.0000000000e+00
-3.7995159908e-01
-3.3543725590e-01
-2.7262349277e-01
-2.0000000000e-01
-1.2737650723e-01
-6.4562744098e-02
-2.0048400918e-02
0.0000000000e+00
2.5060501147e-02
8.0703430122e-02
1.5922063404e-01
2.5000000000e-01
3.4077936596e-01
4.1929656988e-01
4.7493949885e-01
5.0000000000e-01
2.4809289660e-02
7.9894442761e-02
1.5762457449e-01
2.4749394989e-01
3.3736332528e-01
4.1509345701e-01
4.7017861011e-01
4.9498789977e-01
2.4251513786e-02
7.8098212669e-02
1.5408077352e-01
2.4192965699e-01
3.2977854046e-01
4.0576110131e-01
4.5960780019e-01
4.8385931398e-01
2.3464441594e-02
7.5563569597e-02
1.4908014992e-01
2.3407793660e-01
3.1907572327e-01
3.9259230359e-01
4.4469143160e-01
4.6815587319e-01
2.2554451032e-02
7.2633087110e-02
1.4329857064e-01
2.2500000000e-01
3.0670142936e-01
3.7736691289e-01
4.2744554897e-01
4.5000000000e-01
2.1644460471e-02
6.9702604623e-02
1.3751699136e-01
2.1592206340e-01
2.9432713545e-01
3.6214152219e-01
4.1019966634e-01
4.3184412681e-01
2.0857388279e-02
6.7167961551e-02
1.3251636776e-01
2.0807034301e-01
2.8362431826e-01
3.4897272447e-01
3.9528329775e-01
4.1614068602e-01
2.0299612405e-02
6.5371731459e-02
1.2897256679e-01
2.0250605011e-01
2.7603953344e-01
3.3964036877e-01
3.8471248782e-01
4.0501210023e-01
2.0048400918e-02
6.4562744098e-02
1.2737650723e-01
2.0000000000e-01
2.7262349277e-01
3.3543725590e-01
3.7995159908e-01
4.0000000000e-01
-3.7519071034e-01
-3.3123414303e-01
-2.6920745209e-01
-1.9749394989e-01
-1.2578044768e-01
-6.3753756737e-02
-1.9797189431e-02
0.0000000000e+00
-3.6461990042e-01
-3.2190178733e-01
-2.6162266727e-01
-1.9192965699e-01
-1.2223664671e-01
-6.1957526644e-02
-1.9239413556e-02
0.0000000000e+00
-3.4970353183e-01
-3.0873298962e-01
-2.5091985008e-01
-1.8407793660e-01
-1.1723602311e-01
-5.9422883572e-02
-1.8452341365e-02
0.0000000000e+00
-3.3245764920e-01
-2.9350759891e-01
-2.3854555617e-01
-1.7500000000e-01
-1.1145444383e-01
-5.6492401086e-02
-1.7542350803e-02
0.0000000000e+00
-3.1521176657e-01
-2.7828220821e-01
-2.2617126226e-01
-1.6592206340e-01
-1.0567286455e-01
-5.3561918599e-02
-1.6632360241e-02
0.0000000000e+00
-3.0029539797e-01
-2.6511341050e-01
-2.1546844507e-01
-1.5807034301e-01
-1.0067224095e-01
-5.1027275527e-02
-1.5845288050e-02
0.0000000000e+00
-2.8972458805e-01
-2.5578105479e-01
-2.0788366025e-01
-1.5250605011e-01
-9.7128439979e-02
-4.9231045435e-02
-1.5287512175e-02
0.0000000000e+00
-2.8496369931e-01
-2.5157794193e-01
-2.0446761957e-01
-1.5000000000e-01
-9.5532380426e-02
-4.8422058073e-02
-1.5036300688e-02
0.0000000000e+00
1.9797189431e-02
6.3753756737e-02
1.2578044768e-01
1.9749394989e-01
2.6920745209e-01
3.3123414303e-01
3.7519071034e-01
3.9498789977e-01
1.9239413556e-02
6.1957526644e-02
1.2223664671e-01
1.9192965699e-01
2.6162266727e-01
3.2190178733e-01
3.6461990042e-01
3.8385931398e-01
1.8452341365e-02
5.9422883572e-02
1.1723602311e-01
1.8407793660e-01
2.5091985008e-01
3.0873298962e-01
3.4970353183e-01
3.6815587319e-01
1.7542350803e-02
5.6492401086e-02
1.1145444383e-01
1.7500000000e-01
2.3854555617e-01
2.9350759891e-01
3.3245764920e-01
3.5000000000e-01
1.6632360241e-02
5.3561918599e-02
1.0567286455e-01
1.6592206340e-01
2.2617126226e-01
2.7828220821e-01
3.1521176657e-01
3.3184412681e-01
1.5845288050e-02
5.1027275527e-02
1.0067224095e-01
1.5807034301e-01
2.1546844507e-01
2.6511341050e-01
3.0029539797e-01
3.1614068602e-01
1.5287512175e-02
4.9231045435e-02
9.7128439979e-02
1.5250605011e-01
2.0788366025e-01
2.5578105479e-01
2.8972458805e-01
3.0501210023e-01
1.5036300688e-02
4.8422058073e-02
9.5532380426e-02
1.5000000000e-01
2.0446761957e-01
2.5157794193e-01
2.8496369931e-01
3.0000000000e-01
5.1253025057e-01
5.4035171506e-01
5.7961031702e-01
6.2500000000e-01
6.7038968298e-01
7.0964828494e-01
7.3746974943e-01
7.5000000000e-01
5.0764375609e-01
5.3574410851e-01
5.7539624657e-01
6.2124092483e-01
6.6708560309e-01
7.0673774114e-01
7.3483809357e-01
7.4749394989e-01
4.9679405823e-01
5.2551363776e-01
5.6603956126e-01
6.1289448548e-01
6.5974940970e-01
7.0027533320e-01
7.2899491273e-01
7.4192965699e-01
4.8148415354e-01
5.1107751852e-01
5.5283643227e-01
6.0111690489e-01
6.4939737751e-01
6.9115629127e-01
7.2074965625e-01
7.3407793660e-01
4.6378327563e-01
4.9438688657e-01
5.3757134872e-01
5.8750000000e-01
6.3742865128e-01
6.8061311343e-01
7.1121672437e-01
7.2500000000e-01
4.4608239772e-01
4.7769625462e-01
5.2230626517e-01
5.7388309511e-01
6.2545992504e-01
6.7006993559e-01
7.0168379249e-01
7.1592206340e-01
4.3077249303e-01
4.6326013537e-01
5.0910313619e-01
5.6210551452e-01
6.1510789285e-01
6.6095089367e-01
6.9343853600e-01
7.0807034301e-01
4.1992279517e-01
4.5302966462e-01
4.9974645088e-01
5.5375907517e-01
6.0777169947e-01
6.5448848572e-01
6.8759535517e-01
7.0250605011e-01
4.1503630069e-01
4.4842205807e-01
4.9553238043e-01
5.5000000000e-01
6.0446761957e-01
6.5157794193e-01
6.8496369931e-01
7.0000000000e-01
7.6253025057e-01
7.9035171506e-01
8.2961031702e-01
8.7500000000e-01
9.2038968298e-01
9.5964828494e-01
9.8746974943e-01
1.0000000000e+00
7.6014980620e-01
7.8825015863e-01
8.2790229668e-01
8.7374697494e-01
9.1959165320e-01
9.5924379126e-01
9.8734414368e-01
1.0000000000e+00
7.5486440124e-01
7.8358398078e-01
8.2410990427e-01
8.7096482849e-01
9.1781975272e-01
9.5834567621e-01
9.8706525575e-01
1.0000000000e+00
7.4740621695e-01
7.7699958192e-01
8.1875849568e-01
8.6703896830e-01
9.1531944092e-01
9.5707835468e-01
9.8667171965e-01
1.0000000000e+00
7.3878327563e-01
7.6938688657e-01
8.1257134872e-01
8.6250000000e-01
9.1242865128e-01
9.5561311343e-01
9.8621672437e-01
1.0000000000e+00
7.3016033432e-01
7.6177419122e-01
8.0638420177e-01
8.5796103170e-01
9.0953786163e-01
9.5414787219e-01
9.8576172909e-01
1.0000000000e+00
7.2270215002e-01
7.5518979236e-01
8.0103279318e-01
8.5403517151e-01
9.0703754984e-01
9.5288055065e-01
9.8536819299e-01
1.0000000000e+00
7.1741674506e-01
7.5052361451e-01
7.9724040076e-01
8.5125302506e-01
9.0526564935e-01
9.5198243561e-01
9.8508930506e-01
1.0000000000e+00
7.1503630069e-01
7.4842205807e-01
7.9553238043e-01
8.5000000000e-01
9.0446761957e-01
9.5157794193e-01
9.8496369931e-01
1.0000000000e+00
4.1014980620e-01
4.4381445152e-01
4.9131830997e-01
5.4624092483e-01
6.0116353968e-01
6.4866739813e-01
6.8233204345e-01
6.9749394989e-01
3.9930010834e-01
4.3358398078e-01
4.8196162466e-01
5.3789448548e-01
5.9382734630e-01
6.4220499019e-01
6.7648886262e-01
6.9192965699e-01
3.8399020366e-01
4.1914786153e-01
4.6875849568e-01
5.2611690489e-01
5.8347531411e-01
6.3308594826e-01
6.6824360613e-01
6.8407793660e-01
3.6628932575e-01
4.0245722958e-01
4.5349341213e-01
5.1250000000e-01
5.7150658787e-01
6.2254277042e-01
6.5871067425e-01
6.7500000000e-01
3.4858844784e-01
3.8576659763e-01
4.3822832858e-01
4.9888309511e-01
5.5953786163e-01
6.1199959258e-01
6.4917774238e-01
6.6592206340e-01
3.3327854315e-01
3.7133047838e-01
4.2502519959e-01
4.8710551452e-01
5.4918582944e-01
6.0288055065e-01
6.4093248589e-01
6.5807034301e-01
3.2242884529e-01
3.6110000763e-01
4.1566851428e-01
4.7875907517e-01
5.4184963606e-01
5.9641814271e-01
6.3508930506e-01
6.5250605011e-01
3.1754235080e-01
3.5649240109e-01
4.1145444383e-01
4.7500000000e-01
5.3854555617e-01
5.9350759891e-01
6.3245764920e-01
6.5000000000e-01
7.1265585632e-01
7.4632050164e-01
7.9382436009e-01
8.4874697494e-01
9.0366958980e-01
9.5117344825e-01
9.8483809357e-01
1.0000000000e+00
7.0737045136e-01
7.4165432379e-01
7.9003196768e-01
8.4596482849e-01
9.0189768931e-01
9.5027533320e-01
9.8455920563e-01
1.0000000000e+00
6.9991226706e-01
7.3506992493e-01
7.8468055908e-01
8.4203896830e-01
8.9939737751e-01
9.4900801166e-01
9.8416566954e-01
1.0000000000e+00
6.9128932575e-01
7.2745722958e-01
7.7849341213e-01
8.3750000000e-01
8.9650658787e-01
9.4754277042e-01
9.8371067425e-01
1.0000000000e+00
6.8266638443e-01
7.1984453423e-01
7.7230626517e-01
8.3296103170e-01
8.9361579823e-01
9.4607752918e-01
9.8325567897e-01
1.0000000000e+00
6.7520820013e-01
7.1326013537e-01
7.6695485658e-01
8.2903517151e-01
8.9111548643e-01
9.4481020764e-01
9.8286214288e-01
1.0000000000e+00
6.6992279517e-01
7.0859395752e-01
7.6316246417e-01
8.2625302506e-01
8.8934358595e-01
9.4391209260e-01
9.8258325494e-01
1.0000000000e+00
6.6754235080e-01
7.0649240109e-01
7.6145444383e-01
8.2500000000e-01
8.8854555617e-01
9.4350759891e-01
9.8245764920e-01
1.0000000000e+00
-1.0000000000e+00
-9.8264605781e-01
-9.4411433944e-01
-8.8974260083e-01
-8.2687953759e-01
-7.6401647434e-01
-7.0964473574e-01
-6.7111301736e-01
-6.5375907517e-01
-1.0000000000e+00
-9.8306438972e-01
-9.4546151200e-01
-8.9240045156e-01
-8.3105275726e-01
-7.6970506295e-01
-7.1664400251e-01
-6.7904112480e-01
-6.6210551452e-01
-1.0000000000e+00
-9.8365469386e-01
-9.4736249431e-01
-8.9615091926e-01
-8.3694154755e-01
-7.7773217585e-01
-7.2652060080e-01
-6.9022840124e-01
-6.7388309511e-01
-1.0000000000e+00
-9.8433718678e-01
-9.4956035617e-01
-9.0048710372e-01
-8.4375000000e-01
-7.8701289628e-01
-7.3793964383e-01
-7.0316281322e-01
-6.8750000000e-01
-1.0000000000e+00
-9.8501967970e-01
-9.5175821804e-01
-9.0482328818e-01
-8.5055845245e-01
-7.9629361671e-01
-7.4935868685e-01
-7.1609722519e-01
-7.0111690489e-01
-1.0000000000e+00
-9.8560998385e-01
-9.5365920034e-01
-9.0857375588e-01
-8.5644724274e-01
-8.0432072960e-01
-7.5923528514e-01
-7.2728450163e-01
-7.1289448548e-01
-1.0000000000e+00
-9.8602831575e-01
-9.5500637291e-01
-9.1123160661e-01
-8.6062046241e-01
-8.1000931822e-01
-7.6623455192e-01
-7.3521260907e-01
-7.2124092483e-01
-1.0000000000e+00
-9.8621672437e-01
-9.5561311343e-01
-9.1242865128e-01
-8.6250000000e-01
-8.1257134872e-01
-7.6938688657e-01
-7.3878327563e-01
-7.2500000000e-01
-6.3640513298e-01
-5.9787341461e-01
-5.4350167601e-01
-4.8063861276e-01
-4.1777554951e-01
-3.6340381091e-01
-3.2487209253e-01
-3.0751815034e-01
-6.4516990424e-01
-6.0756702652e-01
-5.5450596608e-01
-4.9315827178e-01
-4.3181057747e-01
-3.7874951703e-01
-3.4114663932e-01
-3.2421102904e-01
-6.5753778897e-01
-6.2124558941e-01
-5.7003401437e-01
-5.1082464266e-01
-4.5161527095e-01
-4.0040369590e-01
-3.6411149635e-01
-3.4776619021e-01
-6.7183718678e-01
-6.3706035617e-01
-5.8798710372e-01
-5.3125000000e-01
-4.7451289628e-01
-4.2543964383e-01
-3.9066281322e-01
-3.7500000000e-01
-6.8613658460e-01
-6.5287512293e-01
-6.0594019308e-01
-5.5167535734e-01
-4.9741052160e-01
-4.5047559175e-01
-4.1721413008e-01
-4.0223380979e-01
-6.9850446933e-01
-6.6655368582e-01
-6.2146824136e-01
-5.6934172822e-01
-5.1721521508e-01
-4.7212977062e-01
-4.4017898712e-01
-4.2578897096e-01
-7.0726924058e-01
-6.7624729774e-01
-6.3247253144e-01
-5.8186138724e-01
-5.3125024304e-01
-4.8747547674e-01
-4.5645353390e-01
-4.4248184966e-01
-7.1121672437e-01
-6.8061311343e-01
-6.3742865128e-01
-5.8750000000e-01
-5.3757134872e-01
-4.9438688657e-01
-4.6378327563e-01
-4.5000000000e-01
-1.0000000000e+00
-9.8640513298e-01
-9.5621985395e-01
-9.1362569594e-01
-8.6437953759e-01
-8.1513337923e-01
-7.7253922122e-01
-7.4235394219e-01
-7.2875907517e-01
-1.0000000000e+00
-9.8682346489e-01
-9.5756702652e-01
-9.1628354667e-01
-8.6855275726e-01
-8.2082196785e-01
-7.7953848800e-01
-7.5028204963e-01
-7.3710551452e-01
-1.0000000000e+00
-9.8741376903e-01
-9.5946800883e-01
-9.2003401437e-01
-8.7444154755e-01
-8.2884908074e-01
-7.8941508628e-01
-7.6146932607e-01
-7.4888309511e-01
-1.0000000000e+00
-9.8809626196e-01
-9.6166587069e-01
-9.2437019883e-01
-8.8125000000e-01
-8.3812980117e-01
-8.0083412931e-01
-7.7440373804e-01
-7.6250000000e-01
-1.0000000000e+00
-9.8877875488e-01
-9.6386373256e-01
-9.2870638329e-01
-8.8805845245e-01
-8.4741052160e-01
-8.1225317234e-01
-7.8733815002e-01
-7.7611690489e-01
-1.0000000000e+00
-9.8936905902e-01
-9.6576471486e-01
-9.3245685099e-01
-8.9394724274e-01
-8.5543763449e-01
-8.2212977062e-01
-7.9852542646e-01
-7.8789448548e-01
-1.0000000000e+00
-9.8978739093e-01
-9.6711188743e-01
-9.3511470172e-01
-8.9812046241e-01
-8.6112622311e-01
-8.2912903740e-01
-8.0645353390e-01
-7.9624092483e-01
-1.0000000000e+00
-9.8997579954e-01
-9.6771862795e-01
-9.3631174638e-01
-9.0000000000e-01
-8.6368825362e-01
-8.3228137205e-01
-8.1002420046e-01
-8.0000000000e-01
-7.1516420816e-01
-6.8497892913e-01
-6.4238477111e-01
-5.9313861276e-01
-5.4389245440e-01
-5.0129829639e-01
-4.7111301736e-01
-4.5751815034e-01
-7.2392897941e-01
-6.9467254104e-01
-6.5338906119e-01
-6.0565827178e-01
-5.5792748237e-01
-5.1664400251e-01
-4.8738756415e-01
-4.7421102904e-01
-7.3629686414e-01
-7.0835110393e-01
-6.6891710947e-01
-6.2332464266e-01
-5.7773217585e-01
-5.3829818139e-01
-5.1035242118e-01
-4.9776619021e-01
-7.5059626196e-01
-7.2416587069e-01
-6.8687019883e-01
-6.4375000000e-01
-6.0062980117e-01
-5.6333412931e-01
-5.3690373804e-01
-5.2500000000e-01
-7.6489565977e-01
-7.3998063745e-01
-7.0482328818e-01
-6.6417535734e-01
-6.2352742650e-01
-5.8837007723e-01
-5.6345505491e-01
-5.5223380979e-01
-7.7726354450e-01
-7.5365920034e-01
-7.2035133647e-01
-6.8184172822e-01
-6.4333211997e-01
-6.1002425610e-01
-5.8641991194e-01
-5.7578897096e-01
-7.8602831575e-01
-7.6335281226e-01
-7.3135562655e-01
-6.9436138724e-01
-6.5736714794e-01
-6.2536996223e-01
-6.0269445873e-01
-5.9248184966e-01
-7.8997579954e-01
-7.6771862795e-01
-7.3631174638e-01
-7.0000000000e-01
-6.6368825362e-01
-6.3228137205e-01
-6.1002420046e-01
-6.0000000000e-01
-2.9223063817e-01
-2.5828710491e-01
-2.1038971037e-01
-1.5501210023e-01
-9.9634490094e-02
-5.1737095549e-02
-1.7793562290e-02
-2.5060501147e-03
-3.0836574099e-01
-2.7318375351e-01
-2.2353878809e-01
-1.6614068602e-01
-1.0874258396e-01
-5.9097618539e-02
-2.3915631062e-02
-8.0703430122e-03
-3.3113382997e-01
-2.9420427161e-01
-2.4209332566e-01
-1.8184412681e-01
-1.2159492795e-01
-6.9483982003e-02
-3.2554423645e-02
-1.5922063404e-02
-3.5745764920e-01
-3.1850759891e-01
-2.6354555617e-01
-2.0000000000e-01
-1.3645444383e-01
-8.1492401086e-02
-4.2542350803e-02
-2.5000000000e-02
-3.8378146842e-01
-3.4281092621e-01
-2.8499778667e-01
-2.1815587319e-01
-1.5131395971e-01
-9.3500820168e-02
-5.2530277961e-02
-3.4077936596e-02
-4.0654955741e-01
-3.6383144432e-01
-3.0355232425e-01
-2.3385931398e-01
-1.6416630370e-01
-1.0388718363e-01
-6.1169070544e-02
-4.1929656988e-02
-4.2268466023e-01
-3.7872809292e-01
-3.1670140197e-01
-2.4498789977e-01
-1.7327439757e-01
-1.1124770662e-01
-6.7291139316e-02
-4.7493949885e-02
-4.2995159908e-01
-3.8543725590e-01
-3.2262349277e-01
-2.5000000000e-01
-1.7737650723e-01
-1.1456274410e-01
-7.0048400918e-02
-5.0000000000e-02
1.2781462061e-02
4.6724995320e-02
9.4622389864e-02
1.5000000000e-01
2.0537761014e-01
2.5327500468e-01
2.8721853794e-01
3.0250605011e-01
7.7749450373e-03
4.2956932515e-02
9.2601897939e-02
1.5000000000e-01
2.0739810206e-01
2.5704306749e-01
2.9222505496e-01
3.0807034301e-01
7.1029683677e-04
3.7639855194e-02
8.9750801144e-02
1.5000000000e-01
2.1024919886e-01
2.6236014481e-01
2.9928970316e-01
3.1592206340e-01
-7.4576491970e-03
3.1492401086e-02
8.6454443830e-02
1.5000000000e-01
2.1354555617e-01
2.6850759891e-01
3.0745764920e-01
3.2500000000e-01
-1.5625595231e-02
2.5344946977e-02
8.3158086517e-02
1.5000000000e-01
2.1684191348e-01
2.7465505302e-01
3.1562559523e-01
3.3407793660e-01
-2.2690243431e-02
2.0027869657e-02
8.0306989722e-02
1.5000000000e-01
2.1969301028e-01
2.7997213034e-01
3.2269024343e-01
3.4192965699e-01
-2.7696760455e-02
1.6259806851e-02
7.8286497797e-02
1.5000000000e-01
2.2171350220e-01
2.8374019315e-01
3.2769676045e-01
3.4749394989e-01
-2.9951599082e-02
1.4562744098e-02
7.7376507235e-02
1.5000000000e-01
2.2262349277e-01
2.8543725590e-01
3.2995159908e-01
3.5000000000e-01
-4.3721853794e-01
-3.9214641889e-01
-3.2854558356e-01
-2.5501210023e-01
-1.8147861690e-01
-1.1787778157e-01
-7.2805662520e-02
-5.2506050115e-02
-4.5335364076e-01
-4.0704306749e-01
-3.4169466128e-01
-2.6614068602e-01
-1.9058671077e-01
-1.2523830456e-01
-7.8927731291e-02
-5.8070343012e-02
-4.7612172974e-01
-4.2806358559e-01
-3.6024919886e-01
-2.8184412681e-01
-2.0343905476e-01
-1.3562466803e-01
-8.7566523875e-02
-6.5922063404e-02
-5.0244554897e-01
-4.5236691289e-01
-3.8170142936e-01
-3.0000000000e-01
-2.1829857064e-01
-1.4763308711e-01
-9.7554451032e-02
-7.5000000000e-02
-5.2876936819e-01
-4.7667024019e-01
-4.0315365987e-01
-3.1815587319e-01
-2.3315808652e-01
-1.5964150619e-01
-1.0754237819e-01
-8.4077936596e-02
-5.5153745718e-01
-4.9769075829e-01
-4.2170819745e-01
-3.3385931398e-01
-2.4601043051e-01
-1.7002786966e-01
-1.1618117077e-01
-9.1929656988e-02
-5.6767256000e-01
-5.1258740689e-01
-4.3485727517e-01
-3.4498789977e-01
-2.5511852438e-01
-1.7738839265e-01
-1.2230323955e-01
-9.7493949885e-02
-5.7493949885e-01
-5.1929656988e-01
-4.4077936596e-01
-3.5000000000e-01
-2.5922063404e-01
-1.8070343012e-01
-1.2506050115e-01
-1.0000000000e-01
-3.2206437710e-02
1.2865681344e-02
7.6466516673e-02
1.5000000000e-01
2.2353348333e-01
2.8713431866e-01
3.3220643771e-01
3.5250605011e-01
-3.7212954733e-02
9.0976185390e-03
7.4446024748e-02
1.5000000000e-01
2.2555397525e-01
2.9090238146e-01
3.3721295473e-01
3.5807034301e-01
-4.4277602934e-02
3.7805412189e-03
7.1594927952e-02
1.5000000000e-01
2.2840507205e-01
2.9621945878e-01
3.4427760293e-01
3.6592206340e-01
-5.2445548968e-02
-2.3669128899e-03
6.8298570639e-02
1.5000000000e-01
2.3170142936e-01
3.0236691289e-01
3.5244554897e-01
3.7500000000e-01
-6.0613495001e-02
-8.5143669988e-03
6.5002213326e-02
1.5000000000e-01
2.3499778667e-01
3.0851436700e-01
3.6061349500e-01
3.8407793660e-01
-6.7678143202e-02
-1.3831444319e-02
6.2151116530e-02
1.5000000000e-01
2.3784888347e-01
3.1383144432e-01
3.6767814320e-01
3.9192965699e-01
-7.2684660225e-02
-1.7599507124e-02
6.0130624605e-02
1.5000000000e-01
2.3986937539e-01
3.1759950712e-01
3.7268466023e-01
3.9749394989e-01
-7.4939498853e-02
-1.9296569878e-02
5.9220634043e-02
1.5000000000e-01
2.4077936596e-01
3.1929656988e-01
3.7493949885e-01
4.0000000000e-01
3.1998559805e-01
3.5879620436e-01
4.1356147906e-01
4.7687953759e-01
5.4019759612e-01
5.9496287081e-01
6.3377347713e-01
6.5125302506e-01
3.2541044697e-01
3.6391143973e-01
4.1823982171e-01
4.8105275726e-01
5.4386569281e-01
5.9819407478e-01
6.3669506754e-01
6.5403517151e-01
3.3306539932e-01
3.7112949936e-01
4.2484138620e-01
4.8694154755e-01
5.4904170890e-01
6.0275359575e-01
6.4081769579e-01
6.5796103170e-01
3.4191583827e-01
3.7947481533e-01
4.3247392798e-01
4.9375000000e-01
5.5502607202e-01
6.0802518467e-01
6.4558416173e-01
6.6250000000e-01
3.5076627723e-01
3.8782013131e-01
4.4010646975e-01
5.0055845245e-01
5.6101043514e-01
6.1329677359e-01
6.5035062766e-01
6.6703896830e-01
3.5842122957e-01
3.9503819093e-01
4.4670803425e-01
5.0644724274e-01
5.6618645123e-01
6.1785629455e-01
6.5447325591e-01
6.7096482849e-01
3.6384607850e-01
4.0015342631e-01
4.5138637690e-01
5.1062046241e-01
5.6985454793e-01
6.2108749852e-01
6.5739484633e-01
6.7374697494e-01
3.6628932575e-01
4.0245722958e-01
4.5349341213e-01
5.1250000000e-01
5.7150658787e-01
6.2254277042e-01
6.5871067425e-01
6.7500000000e-01
6.6873257299e-01
7.0754317930e-01
7.6230845400e-01
8.2562651253e-01
8.8894457106e-01
9.4370984575e-01
9.8252045207e-01
1.0000000000e+00
6.7137527547e-01
7.0987626823e-01
7.6420465021e-01
8.2701758575e-01
8.8983052130e-01
9.4415890328e-01
9.8265989604e-01
1.0000000000e+00
6.7510436762e-01
7.1316846766e-01
7.6688035450e-01
8.2898051585e-01
8.9108067720e-01
9.4479256405e-01
9.8285666409e-01
1.0000000000e+00
6.7941583827e-01
7.1697481533e-01
7.6997392798e-01
8.3125000000e-01
8.9252607202e-01
9.4552518467e-01
9.8308416173e-01
1.0000000000e+00
6.8372730893e-01
7.2078116301e-01
7.7306750146e-01
8.3351948415e-01
8.9397146684e-01
9.4625780529e-01
9.8331165937e-01
1.0000000000e+00
6.8745640108e-01
7.2407336244e-01
7.7574320575e-01
8.3548241425e-01
8.9522162274e-01
9.4689146606e-01
9.8350842741e-01
1.0000000000e+00
6.9009910356e-01
7.2640645136e-01
7.7763940196e-01
8.3687348747e-01
8.9610757298e-01
9.4734052358e-01
9.8364787138e-01
1.0000000000e+00
6.9128932575e-01
7.2745722958e-01
7.7849341213e-01
8.3750000000e-01
8.9650658787e-01
9.4754277042e-01
9.8371067425e-01
1.0000000000e+00
3.6873257299e-01
4.0476103285e-01
4.5560044735e-01
5.1437953759e-01
5.7315862782e-01
6.2399804232e-01
6.6002650218e-01
6.7625302506e-01
3.7415742192e-01
4.0987626823e-01
4.6027879001e-01
5.1855275726e-01
5.7682672451e-01
6.2722924629e-01
6.6294809260e-01
6.7903517151e-01
3.8181237426e-01
4.1709432785e-01
4.6688035450e-01
5.2444154755e-01
5.8200274060e-01
6.3178876725e-01
6.6707072084e-01
6.8296103170e-01
3.9066281322e-01
4.2543964383e-01
4.7451289628e-01
5.3125000000e-01
5.8798710372e-01
6.3706035617e-01
6.7183718678e-01
6.8750000000e-01
3.9951325217e-01
4.3378495980e-01
4.8214543805e-01
5.3805845245e-01
5.9397146684e-01
6.4233194509e-01
6.7660365272e-01
6.9203896830e-01
4.0716820452e-01
4.4100301942e-01
4.8874700255e-01
5.4394724274e-01
5.9914748294e-01
6.4689146606e-01
6.8072628097e-01
6.9596482849e-01
4.1259305345e-01
4.4611825480e-01
4.9342534520e-01
5.4812046241e-01
6.0281557963e-01
6.5012267003e-01
6.8364787138e-01
6.9874697494e-01
4.1503630069e-01
4.4842205807e-01
4.9553238043e-01
5.5000000000e-01
6.0446761957e-01
6.5157794193e-01
6.8496369931e-01
7.0000000000e-01
6.9247954793e-01
7.2850800780e-01
7.7934742230e-01
8.3812651253e-01
8.9690560276e-01
9.4774501726e-01
9.8377347713e-01
1.0000000000e+00
6.9512225041e-01
7.3084109672e-01
7.8124361850e-01
8.3951758575e-01
8.9779155300e-01
9.4819407478e-01
9.8391292109e-01
1.0000000000e+00
6.9885134256e-01
7.3413329615e-01
7.8391932280e-01
8.4148051585e-01
8.9904170890e-01
9.4882773555e-01
9.8410968914e-01
1.0000000000e+00
7.0316281322e-01
7.3793964383e-01
7.8701289628e-01
8.4375000000e-01
9.0048710372e-01
9.4956035617e-01
9.8433718678e-01
1.0000000000e+00
7.0747428387e-01
7.4174599150e-01
7.9010646975e-01
8.4601948415e-01
9.0193249854e-01
9.5029297680e-01
9.8456468442e-01
1.0000000000e+00
7.1120337602e-01
7.4503819093e-01
7.9278217405e-01
8.4798241425e-01
9.0318265444e-01
9.5092663756e-01
9.8476145247e-01
1.0000000000e+00
7.1384607850e-01
7.4737127986e-01
7.9467837026e-01
8.4937348747e-01
9.0406860469e-01
9.5137569509e-01
9.8490089644e-01
1.0000000000e+00
7.1503630069e-01
7.4842205807e-01
7.9553238043e-01
8.5000000000e-01
9.0446761957e-01
9.5157794193e-01
9.8496369931e-01
1.0000000000e+00
-1.0000000000e+00
-9.8991299667e-01
-9.6751638111e-01
-9.3591273149e-01
-8.9937348747e-01
-8.6283424345e-01
-8.3123059383e-01
-8.0883397827e-01
-7.9874697494e-01
-1.0000000000e+00
-9.8977355270e-01
-9.6706732359e-01
-9.3502678125e-01
-8.9798241425e-01
-8.6093804724e-01
-8.2889750491e-01
-8.0619127579e-01
-7.9596482849e-01
-1.0000000000e+00
-9.8957678465e-01
-9.6643366282e-01
-9.3377662535e-01
-8.9601948415e-01
-8.5826234295e-01
-8.2560530548e-01
-8.0246218364e-01
-7.9203896830e-01
-1.0000000000e+00
-9.8934928701e-01
-9.6570104220e-01
-9.3233123053e-01
-8.9375000000e-01
-8.5516876947e-01
-8.2179895780e-01
-7.9815071299e-01
-7.8750000000e-01
-1.0000000000e+00
-9.8912178937e-01
-9.6496842158e-01
-9.3088583571e-01
-8.9148051585e-01
-8.5207519599e-01
-8.1799261013e-01
-7.9383924233e-01
-7.8296103170e-01
-1.0000000000e+00
-9.8892502132e-01
-9.6433476081e-01
-9.2963567981e-01
-8.8951758575e-01
-8.4939949169e-01
-8.1470041070e-01
-7.9011015018e-01
-7.7903517151e-01
-1.0000000000e+00
-9.8878557736e-01
-9.6388570329e-01
-9.2874972957e-01
-8.8812651253e-01
-8.4750329549e-01
-8.1236732177e-01
-7.8746744770e-01
-7.7625302506e-01
-1.0000000000e+00
-9.8872277448e-01
-9.6368345644e-01
-9.2835071468e-01
-8.8750000000e-01
-8.4664928532e-01
-8.1131654356e-01
-7.8627722552e-01
-7.7500000000e-01
-7.8865997161e-01
-7.6626335605e-01
-7.3465970644e-01
-6.9812046241e-01
-6.6158121839e-01
-6.2997756877e-01
-6.0758095322e-01
-5.9749394989e-01
-7.8573838119e-01
-7.6303215208e-01
-7.3099160975e-01
-6.9394724274e-01
-6.5690287574e-01
-6.2486233340e-01
-6.0215610429e-01
-5.9192965699e-01
-7.8161575295e-01
-7.5847263112e-01
-7.2581559365e-01
-6.8805845245e-01
-6.5030131124e-01
-6.1764427378e-01
-5.9450115194e-01
-5.8407793660e-01
-7.7684928701e-01
-7.5320104220e-01
-7.1983123053e-01
-6.8125000000e-01
-6.4266876947e-01
-6.0929895780e-01
-5.8565071299e-01
-5.7500000000e-01
-7.7208282107e-01
-7.4792945328e-01
-7.1384686741e-01
-6.7444154755e-01
-6.3503622769e-01
-6.0095364183e-01
-5.7680027403e-01
-5.6592206340e-01
-7.6796019283e-01
-7.4336993231e-01
-7.0867085132e-01
-6.6855275726e-01
-6.2843466320e-01
-5.9373558220e-01
-5.6914532169e-01
-5.5807034301e-01
-7.6503860241e-01
-7.4013872834e-01
-7.0500275463e-01
-6.6437953759e-01
-6.2375632055e-01
-5.8862034683e-01
-5.6372047276e-01
-5.5250605011e-01
-7.6372277448e-01
-7.3868345644e-01
-7.0335071468e-01
-6.6250000000e-01
-6.2164928532e-01
-5.8631654356e-01
-5.6127722552e-01
-5.5000000000e-01
-1.0000000000e+00
-9.8865997161e-01
-9.6348120960e-01
-9.2795169979e-01
-8.8687348747e-01
-8.4579527515e-01
-8.1026576534e-01
-7.8508700333e-01
-7.7374697494e-01
-1.0000000000e+00
-9.8852052764e-01
-9.6303215208e-01
-9.2706574955e-01
-8.8548241425e-01
-8.4389907894e-01
-8.0793267641e-01
-7.8244430085e-01
-7.7096482849e-01
-1.0000000000e+00
-9.8832375960e-01
-9.6239849131e-01
-9.2581559365e-01
-8.8351948415e-01
-8.4122337465e-01
-8.0464047698e-01
-7.7871520870e-01
-7.6703896830e-01
-1.0000000000e+00
-9.8809626196e-01
-9.6166587069e-01
-9.2437019883e-01
-8.8125000000e-01
-8.3812980117e-01
-8.0083412931e-01
-7.7440373804e-01
-7.6250000000e-01
-1.0000000000e+00
-9.8786876431e-01
-9.6093325007e-01
-9.2292480401e-01
-8.7898051585e-01
-8.3503622769e-01
-7.9702778163e-01
-7.7009226739e-01
-7.5796103170e-01
-1.0000000000e+00
-9.8767199627e-01
-9.6029958930e-01
-9.2167464811e-01
-8.7701758575e-01
-8.3236052340e-01
-7.9373558220e-01
-7.6636317524e-01
-7.5403517151e-01
-1.0000000000e+00
-9.8753255230e-01
-9.5985053178e-01
-9.2078869787e-01
-8.7562651253e-01
-8.3046432719e-01
-7.9140249328e-01
-7.6372047276e-01
-7.5125302506e-01
-1.0000000000e+00
-9.8746974943e-01
-9.5964828494e-01
-9.2038968298e-01
-8.7500000000e-01
-8.2961031702e-01
-7.9035171506e-01
-7.6253025057e-01
-7.5000000000e-01
-7.6240694655e-01
-7.3722818455e-01
-7.0169867473e-01
-6.6062046241e-01
-6.1954225009e-01
-5.8401274028e-01
-5.5883397827e-01
-5.4749394989e-01
-7.5948535614e-01
-7.3399698058e-01
-6.9803057804e-01
-6.5644724274e-01
-6.1486390744e-01
-5.7889750491e-01
-5.5340912934e-01
-5.4192965699e-01
-7.5536272789e-01
-7.2943745961e-01
-6.9285456195e-01
-6.5055845245e-01
-6.0826234295e-01
-5.7167944528e-01
-5.4575417700e-01
-5.3407793660e-01
-7.5059626196e-01
-7.2416587069e-01
-6.8687019883e-01
-6.4375000000e-01
-6.0062980117e-01
-5.6333412931e-01
-5.3690373804e-01
-5.2500000000e-01
-7.4582979602e-01
-7.1889428177e-01
-6.8088583571e-01
-6.3694154755e-01
-5.9299725940e-01
-5.5498881333e-01
-5.2805329909e-01
-5.1592206340e-01
-7.4170716777e-01
-7.1433476081e-01
-6.7570981962e-01
-6.3105275726e-01
-5.8639569490e-01
-5.4777075371e-01
-5.2039834675e-01
-5.0807034301e-01
-7.3878557736e-01
-7.1110355684e-01
-6.7204172292e-01
-6.2687953759e-01
-5.8171735225e-01
-5.4265551834e-01
-5.1497349782e-01
-5.0250605011e-01
-7.3746974943e-01
-7.0964828494e-01
-6.7038968298e-01
-6.2500000000e-01
-5.7961031702e-01
-5.4035171506e-01
-5.1253025057e-01
-5.0000000000e-01
-5.7255905448e-01
-5.1719501344e-01
-4.3907134562e-01
-3.4874697494e-01
-2.5842260427e-01
-1.8029893644e-01
-1.2493489540e-01
-1.0000000000e-01
-5.6727364952e-01
-5.1252883559e-01
-4.3527895321e-01
-3.4596482849e-01
-2.5665070378e-01
-1.7940082140e-01
-1.2465600747e-01
-1.0000000000e-01
-5.5981546522e-01
-5.0594443674e-01
-4.2992754461e-01
-3.4203896830e-01
-2.5415039198e-01
-1.7813349986e-01
-1.2426247137e-01
-1.0000000000e-01
-5.5119252391e-01
-4.9833174138e-01
-4.2374039766e-01
-3.3750000000e-01
-2.5125960234e-01
-1.7666825862e-01
-1.2380747609e-01
-1.0000000000e-01
-5.4256958260e-01
-4.9071904603e-01
-4.1755325070e-01
-3.3296103170e-01
-2.4836881270e-01
-1.7520301737e-01
-1.2335248081e-01
-1.0000000000e-01
-5.3511139830e-01
-4.8413464718e-01
-4.1220184211e-01
-3.2903517151e-01
-2.4586850090e-01
-1.7393569584e-01
-1.2295894471e-01
-1.0000000000e-01
-5.2982599334e-01
-4.7946846932e-01
-4.0840944970e-01
-3.2625302506e-01
-2.4409660042e-01
-1.7303758079e-01
-1.2268005678e-01
-1.0000000000e-01
-5.2744554897e-01
-4.7736691289e-01
-4.0670142936e-01
-3.2500000000e-01
-2.4329857064e-01
-1.7263308711e-01
-1.2255445103e-01
-1.0000000000e-01
-7.5065104596e-02
-1.9701063558e-02
5.8422604267e-02
1.4874697494e-01
2.3907134562e-01
3.1719501344e-01
3.7255905448e-01
3.9749394989e-01
-7.5343992533e-02
-2.0599178604e-02
5.6650703781e-02
1.4596482849e-01
2.3527895321e-01
3.1252883559e-01
3.6727364952e-01
3.9192965699e-01
-7.5737528629e-02
-2.1866500140e-02
5.4150391982e-02
1.4203896830e-01
2.2992754461e-01
3.0594443674e-01
3.5981546522e-01
3.8407793660e-01
-7.6192523910e-02
-2.3331741384e-02
5.1259602341e-02
1.3750000000e-01
2.2374039766e-01
2.9833174138e-01
3.5119252391e-01
3.7500000000e-01
-7.6647519191e-02
-2.4796982627e-02
4.8368812700e-02
1.3296103170e-01
2.1755325070e-01
2.9071904603e-01
3.4256958260e-01
3.6592206340e-01
-7.7041055287e-02
-2.6064304163e-02
4.5868500902e-02
1.2903517151e-01
2.1220184211e-01
2.8413464718e-01
3.3511139830e-01
3.5807034301e-01
-7.7319943224e-02
-2.6962419209e-02
4.4096600416e-02
1.2625302506e-01
2.0840944970e-01
2.7946846932e-01
3.2982599334e-01
3.5250605011e-01
-7.7445548968e-02
-2.7366912890e-02
4.3298570639e-02
1.2500000000e-01
2.0670142936e-01
2.7736691289e-01
3.2744554897e-01
3.5000000000e-01
-5.2506510460e-01
-4.7526535646e-01
-4.0499340902e-01
-3.2374697494e-01
-2.4250054086e-01
-1.7222859343e-01
-1.2242884529e-01
-1.0000000000e-01
-5.1977969964e-01
-4.7059917860e-01
-4.0120101661e-01
-3.2096482849e-01
-2.4072864038e-01
-1.7133047838e-01
-1.2214995735e-01
-1.0000000000e-01
-5.1232151534e-01
-4.6401477975e-01
-3.9584960802e-01
-3.1703896830e-01
-2.3822832858e-01
-1.7006315685e-01
-1.2175642126e-01
-1.0000000000e-01
-5.0369857402e-01
-4.5640208440e-01
-3.8966246106e-01
-3.1250000000e-01
-2.3533753894e-01
-1.6859791560e-01
-1.2130142598e-01
-1.0000000000e-01
-4.9507563271e-01
-4.4878938904e-01
-3.8347531411e-01
-3.0796103170e-01
-2.3244674930e-01
-1.6713267436e-01
-1.2084643069e-01
-1.0000000000e-01
-4.8761744841e-01
-4.4220499019e-01
-3.7812390551e-01
-3.0403517151e-01
-2.2994643750e-01
-1.6586535282e-01
-1.2045289460e-01
-1.0000000000e-01
-4.8233204345e-01
-4.3753881234e-01
-3.7433151310e-01
-3.0125302506e-01
-2.2817453701e-01
-1.6496723778e-01
-1.2017400666e-01
-1.0000000000e-01
-4.7995159908e-01
-4.3543725590e-01
-3.7262349277e-01
-3.0000000000e-01
-2.2737650723e-01
-1.6456274410e-01
-1.2004840092e-01
-1.0000000000e-01
-7.7571154711e-02
-2.7771406571e-02
4.2500540863e-02
1.2374697494e-01
2.0499340902e-01
2.7526535646e-01
3.2506510460e-01
3.4749394989e-01
-7.7850042648e-02
-2.8669521617e-02
4.0728640376e-02
1.2096482849e-01
2.0120101661e-01
2.7059917860e-01
3.1977969964e-01
3.4192965699e-01
-7.8243578744e-02
-2.9936843153e-02
3.8228328578e-02
1.1703896830e-01
1.9584960802e-01
2.6401477975e-01
3.1232151534e-01
3.3407793660e-01
-7.8698574025e-02
-3.1402084396e-02
3.5337538937e-02
1.1250000000e-01
1.8966246106e-01
2.5640208440e-01
3.0369857402e-01
3.2500000000e-01
-7.9153569306e-02
-3.2867325639e-02
3.2446749296e-02
1.0796103170e-01
1.8347531411e-01
2.4878938904e-01
2.9507563271e-01
3.1592206340e-01
-7.9547105402e-02
-3.4134647175e-02
2.9946437497e-02
1.0403517151e-01
1.7812390551e-01
2.4220499019e-01
2.8761744841e-01
3.0807034301e-01
-7.9825993339e-02
-3.5032762222e-02
2.8174537011e-02
1.0125302506e-01
1.7433151310e-01
2.3753881234e-01
2.8233204345e-01
3.0250605011e-01
-7.9951599082e-02
-3.5437255902e-02
2.7376507235e-02
1.0000000000e-01
1.7262349277e-01
2.3543725590e-01
2.7995159908e-01
3.0000000000e-01
4.1259305345e-01
4.4611825480e-01
4.9342534520e-01
5.4812046241e-01
6.0281557963e-01
6.5012267003e-01
6.8364787138e-01
6.9874697494e-01
4.0716820452e-01
4.4100301942e-01
4.8874700255e-01
5.4394724274e-01
5.9914748294e-01
6.4689146606e-01
6.8072628097e-01
6.9596482849e-01
3.9951325217e-01
4.3378495980e-01
4.8214543805e-01
5.3805845245e-01
5.9397146684e-01
6.4233194509e-01
6.7660365272e-01
6.9203896830e-01
3.9066281322e-01
4.2543964383e-01
4.7451289628e-01
5.3125000000e-01
5.8798710372e-01
6.3706035617e-01
6.7183718678e-01
6.8750000000e-01
3.8181237426e-01
4.1709432785e-01
4.6688035450e-01
5.2444154755e-01
5.8200274060e-01
6.3178876725e-01
6.6707072084e-01
6.8296103170e-01
3.7415742192e-01
4.0987626823e-01
4.6027879001e-01
5.1855275726e-01
5.7682672451e-01
6.2722924629e-01
6.6294809260e-01
6.7903517151e-01
3.6873257299e-01
4.0476103285e-01
4.5560044735e-01
5.1437953759e-01
5.7315862782e-01
6.2399804232e-01
6.6002650218e-01
6.7625302506e-01
3.6628932575e-01
4.0245722958e-01
4.5349341213e-01
5.1250000000e-01
5.7150658787e-01
6.2254277042e-01
6.5871067425e-01
6.7500000000e-01
7.1384607850e-01
7.4737127986e-01
7.9467837026e-01
8.4937348747e-01
9.0406860469e-01
9.5137569509e-01
9.8490089644e-01
1.0000000000e+00
7.1120337602e-01
7.4503819093e-01
7.9278217405e-01
8.4798241425e-01
9.0318265444e-01
9.5092663756e-01
9.8476145247e-01
1.0000000000e+00
7.0747428387e-01
7.4174599150e-01
7.9010646975e-01
8.4601948415e-01
9.0193249854e-01
9.5029297680e-01
9.8456468442e-01
1.0000000000e+00
7.0316281322e-01
7.3793964383e-01
7.8701289628e-01
8.4375000000e-01
9.0048710372e-01
9.4956035617e-01
9.8433718678e-01
1.0000000000e+00
6.9885134256e-01
7.3413329615e-01
7.8391932280e-01
8.4148051585e-01
8.9904170890e-01
9.4882773555e-01
9.8410968914e-01
1.0000000000e+00
6.9512225041e-01
7.3084109672e-01
7.8124361850e-01
8.3951758575e-01
8.9779155300e-01
9.4819407478e-01
9.8391292109e-01
1.0000000000e+00
6.9247954793e-01
7.2850800780e-01
7.7934742230e-01
8.3812651253e-01
8.9690560276e-01
9.4774501726e-01
9.8377347713e-01
1.0000000000e+00
6.9128932575e-01
7.2745722958e-01
7.7849341213e-01
8.3750000000e-01
8.9650658787e-01
9.4754277042e-01
9.8371067425e-01
1.0000000000e+00
3.6384607850e-01
4.0015342631e-01
4.5138637690e-01
5.1062046241e-01
5.6985454793e-01
6.2108749852e-01
6.5739484633e-01
6.7374697494e-01
3.5842122957e-01
3.9503819093e-01
4.4670803425e-01
5.0644724274e-01
5.6618645123e-01
6.1785629455e-01
6.5447325591e-01
6.7096482849e-01
3.5076627723e-01
3.8782013131e-01
4.4010646975e-01
5.0055845245e-01
5.6101043514e-01
6.1329677359e-01
6.5035062766e-01
6.6703896830e-01
3.4191583827e-01
3.7947481533e-01
4.3247392798e-01
4.9375000000e-01
5.5502607202e-01
6.0802518467e-01
6.4558416173e-01
6.6250000000e-01
3.3306539932e-01
3.7112949936e-01
4.2484138620e-01
4.8694154755e-01
5.4904170890e-01
6.0275359575e-01
6.4081769579e-01
6.5796103170e-01
3.2541044697e-01
3.6391143973e-01
4.1823982171e-01
4.8105275726e-01
5.4386569281e-01
5.9819407478e-01
6.3669506754e-01
6.5403517151e-01
3.1998559805e-01
3.5879620436e-01
4.1356147906e-01
4.7687953759e-01
5.4019759612e-01
5.9496287081e-01
6.3377347713e-01
6.5125302506e-01
3.1754235080e-01
3.5649240109e-01
4.1145444383e-01
4.7500000000e-01
5.3854555617e-01
5.9350759891e-01
6.3245764920e-01
6.5000000000e-01
6.9009910356e-01
7.2640645136e-01
7.7763940196e-01
8.3687348747e-01
8.9610757298e-01
9.4734052358e-01
9.8364787138e-01
1.0000000000e+00
6.8745640108e-01
7.2407336244e-01
7.7574320575e-01
8.3548241425e-01
8.9522162274e-01
9.4689146606e-01
9.8350842741e-01
1.0000000000e+00
6.8372730893e-01
7.2078116301e-01
7.7306750146e-01
8.3351948415e-01
8.9397146684e-01
9.4625780529e-01
9.8331165937e-01
1.0000000000e+00
6.7941583827e-01
7.1697481533e-01
7.6997392798e-01
8.3125000000e-01
8.9252607202e-01
9.4552518467e-01
9.8308416173e-01
1.0000000000e+00
6.7510436762e-01
7.1316846766e-01
7.6688035450e-01
8.2898051585e-01
8.9108067720e-01
9.4479256405e-01
9.8285666409e-01
1.0000000000e+00
6.7137527547e-01
7.0987626823e-01
7.6420465021e-01
8.2701758575e-01
8.8983052130e-01
9.4415890328e-01
9.8265989604e-01
1.0000000000e+00
6.6873257299e-01
7.0754317930e-01
7.6230845400e-01
8.2562651253e-01
8.8894457106e-01
9.4370984575e-01
9.8252045207e-01
1.0000000000e+00
6.6754235080e-01
7.0649240109e-01
7.6145444383e-01
8.2500000000e-01
8.8854555617e-01
9.4350759891e-01
9.8245764920e-01
1.0000000000e+00
