-1.0000000000e+00
-1.0000000000e+00
-1.0000000000e+00
-1.0000000000e+00
-1.0000000000e+00
-1.0000000000e+00
-1.0000000000e+00
-1.0000000000e+00
-1.0000000000e+00
-9.8329299088e-01
-9.8329299088e-01
-9.8329299088e-01
-9.8329299088e-01
-9.8329299088e-01
-9.8329299088e-01
-9.8329299088e-01
-9.8329299088e-01
-9.8329299088e-01
-9.4619768635e-01
-9.4619768635e-01
-9.4619768635e-01
-9.4619768635e-01
-9.4619768635e-01
-9.4619768635e-01
-9.4619768635e-01
-9.4619768635e-01
-9.4619768635e-01
-8.9385285756e-01
-8.9385285756e-01
-8.9385285756e-01
-8.9385285756e-01
-8.9385285756e-01
-8.9385285756e-01
-8.9385285756e-01
-8.9385285756e-01
-8.9385285756e-01
-8.3333325000e-01
-8.3333325000e-01
-8.3333325000e-01
-8.3333325000e-01
-8.3333325000e-01
-8.3333325000e-01
-8.3333325000e-01
-8.3333325000e-01
-8.3333325000e-01
-7.7281364244e-01
-7.7281364244e-01
-7.7281364244e-01
-7.7281364244e-01
-7.7281364244e-01
-7.7281364244e-01
-7.7281364244e-01
-7.7281364244e-01
-7.7281364244e-01
-7.2046881365e-01
-7.2046881365e-01
-7.2046881365e-01
-7.2046881365e-01
-7.2046881365e-01
-7.2046881365e-01
-7.2046881365e-01
-7.2046881365e-01
-7.2046881365e-01
-6.8337350912e-01
-6.8337350912e-01
-6.8337350912e-01
-6.8337350912e-01
-6.8337350912e-01
-6.8337350912e-01
-6.8337350912e-01
-6.8337350912e-01
-6.8337350912e-01
-6.6666650000e-01
-6.6666650000e-01
-6.6666650000e-01
-6.6666650000e-01
-6.6666650000e-01
-6.6666650000e-01
-6.6666650000e-01
-6.6666650000e-01
-6.6666650000e-01
-1.0000000000e+00
-1.0000000000e+00
-1.0000000000e+00
-1.0000000000e+00
-1.0000000000e+00
-1.0000000000e+00
-1.0000000000e+00
-1.0000000000e+00
-9.8329299088e-01
-9.8329299088e-01
-9.8329299088e-01
-9.8329299088e-01
-9.8329299088e-01
-9.8329299088e-01
-9.8329299088e-01
-9.8329299088e-01
-9.4619768635e-01
-9.4619768635e-01
-9.4619768635e-01
-9.4619768635e-01
-9.4619768635e-01
-9.4619768635e-01
-9.4619768635e-01
-9.4619768635e-01
-8.9385285756e-01
-8.9385285756e-01
-8.9385285756e-01
-8.9385285756e-01
-8.9385285756e-01
-8.9385285756e-01
-8.9385285756e-01
-8.9385285756e-01
-8.3333325000e-01
-8.3333325000e-01
-8.3333325000e-01
-8.3333325000e-01
-8.3333325000e-01
-8.3333325000e-01
-8.3333325000e-01
-8.3333325000e-01
-7.7281364244e-01
-7.7281364244e-01
-7.7281364244e-01
-7.7281364244e-01
-7.7281364244e-01
-7.7281364244e-01
-7.7281364244e-01
-7.7281364244e-01
-7.2046881365e-01
-7.2046881365e-01
-7.2046881365e-01
-7.2046881365e-01
-7.2046881365e-01
-7.2046881365e-01
-7.2046881365e-01
-7.2046881365e-01
-6.8337350912e-01
-6.8337350912e-01
-6.8337350912e-01
-6.8337350912e-01
-6.8337350912e-01
-6.8337350912e-01
-6.8337350912e-01
-6.8337350912e-01
-6.6666650000e-01
-6.6666650000e-01
-6.6666650000e-01
-6.6666650000e-01
-6.6666650000e-01
-6.6666650000e-01
-6.6666650000e-01
-6.6666650000e-01
-6.4995949088e-01
-6.4995949088e-01
-6.4995949088e-01
-6.4995949088e-01
-6.4995949088e-01
-6.4995949088e-01
-6.4995949088e-01
-6.4995949088e-01
-6.4995949088e-01
-6.1286418635e-01
-6.1286418635e-01
-6.1286418635e-01
-6.1286418635e-01
-6.1286418635e-01
-6.1286418635e-01
-6.1286418635e-01
-6.1286418635e-01
-6.1286418635e-01
-5.6051935756e-01
-5.6051935756e-01
-5.6051935756e-01
-5.6051935756e-01
-5.6051935756e-01
-5.6051935756e-01
-5.6051935756e-01
-5.6051935756e-01
-5.6051935756e-01
-4.9999975000e-01
-4.9999975000e-01
-4.9999975000e-01
-4.9999975000e-01
-4.9999975000e-01
-4.9999975000e-01
-4.9999975000e-01
-4.9999975000e-01
-4.9999975000e-01
-4.3948014244e-01
-4.3948014244e-01
-4.3948014244e-01
-4.3948014244e-01
-4.3948014244e-01
-4.3948014244e-01
-4.3948014244e-01
-4.3948014244e-01
-4.3948014244e-01
-3.8713531365e-01
-3.8713531365e-01
-3.8713531365e-01
-3.8713531365e-01
-3.8713531365e-01
-3.8713531365e-01
-3.8713531365e-01
-3.8713531365e-01
-3.8713531365e-01
-3.5004000912e-01
-3.5004000912e-01
-3.5004000912e-01
-3.5004000912e-01
-3.5004000912e-01
-3.5004000912e-01
-3.5004000912e-01
-3.5004000912e-01
-3.5004000912e-01
-3.3333300000e-01
-3.3333300000e-01
-3.3333300000e-01
-3.3333300000e-01
-3.3333300000e-01
-3.3333300000e-01
-3.3333300000e-01
-3.3333300000e-01
-3.3333300000e-01
-6.4995949088e-01
-6.4995949088e-01
-6.4995949088e-01
-6.4995949088e-01
-6.4995949088e-01
-6.4995949088e-01
-6.4995949088e-01
-6.4995949088e-01
-6.1286418635e-01
-6.1286418635e-01
-6.1286418635e-01
-6.1286418635e-01
-6.1286418635e-01
-6.1286418635e-01
-6.1286418635e-01
-6.1286418635e-01
-5.6051935756e-01
-5.6051935756e-01
-5.6051935756e-01
-5.6051935756e-01
-5.6051935756e-01
-5.6051935756e-01
-5.6051935756e-01
-5.6051935756e-01
-4.9999975000e-01
-4.9999975000e-01
-4.9999975000e-01
-4.9999975000e-01
-4.9999975000e-01
-4.9999975000e-01
-4.9999975000e-01
-4.9999975000e-01
-4.3948014244e-01
-4.3948014244e-01
-4.3948014244e-01
-4.3948014244e-01
-4.3948014244e-01
-4.3948014244e-01
-4.3948014244e-01
-4.3948014244e-01
-3.8713531365e-01
-3.8713531365e-01
-3.8713531365e-01
-3.8713531365e-01
-3.8713531365e-01
-3.8713531365e-01
-3.8713531365e-01
-3.8713531365e-01
-3.5004000912e-01
-3.5004000912e-01
-3.5004000912e-01
-3.5004000912e-01
-3.5004000912e-01
-3.5004000912e-01
-3.5004000912e-01
-3.5004000912e-01
-3.3333300000e-01
-3.3333300000e-01
-3.3333300000e-01
-3.3333300000e-01
-3.3333300000e-01
-3.3333300000e-01
-3.3333300000e-01
-3.3333300000e-01
-1.0000000000e+00
-1.0000000000e+00
-1.0000000000e+00
-1.0000000000e+00
-1.0000000000e+00
-1.0000000000e+00
-1.0000000000e+00
-1.0000000000e+00
-9.8329299088e-01
-9.8329299088e-01
-9.8329299088e-01
-9.8329299088e-01
-9.8329299088e-01
-9.8329299088e-01
-9.8329299088e-01
-9.8329299088e-01
-9.4619768635e-01
-9.4619768635e-01
-9.4619768635e-01
-9.4619768635e-01
-9.4619768635e-01
-9.4619768635e-01
-9.4619768635e-01
-9.4619768635e-01
-8.9385285756e-01
-8.9385285756e-01
-8.9385285756e-01
-8.9385285756e-01
-8.9385285756e-01
-8.9385285756e-01
-8.9385285756e-01
-8.9385285756e-01
-8.3333325000e-01
-8.3333325000e-01
-8.3333325000e-01
-8.3333325000e-01
-8.3333325000e-01
-8.3333325000e-01
-8.3333325000e-01
-8.3333325000e-01
-7.7281364244e-01
-7.7281364244e-01
-7.7281364244e-01
-7.7281364244e-01
-7.7281364244e-01
-7.7281364244e-01
-7.7281364244e-01
-7.7281364244e-01
-7.2046881365e-01
-7.2046881365e-01
-7.2046881365e-01
-7.2046881365e-01
-7.2046881365e-01
-7.2046881365e-01
-7.2046881365e-01
-7.2046881365e-01
-6.8337350912e-01
-6.8337350912e-01
-6.8337350912e-01
-6.8337350912e-01
-6.8337350912e-01
-6.8337350912e-01
-6.8337350912e-01
-6.8337350912e-01
-6.6666650000e-01
-6.6666650000e-01
-6.6666650000e-01
-6.6666650000e-01
-6.6666650000e-01
-6.6666650000e-01
-6.6666650000e-01
-6.6666650000e-01
-1.0000000000e+00
-1.0000000000e+00
-1.0000000000e+00
-1.0000000000e+00
-1.0000000000e+00
-1.0000000000e+00
-1.0000000000e+00
-1.0000000000e+00
-9.8329299088e-01
-9.8329299088e-01
-9.8329299088e-01
-9.8329299088e-01
-9.8329299088e-01
-9.8329299088e-01
-9.8329299088e-01
-9.8329299088e-01
-9.4619768635e-01
-9.4619768635e-01
-9.4619768635e-01
-9.4619768635e-01
-9.4619768635e-01
-9.4619768635e-01
-9.4619768635e-01
-9.4619768635e-01
-8.9385285756e-01
-8.9385285756e-01
-8.9385285756e-01
-8.9385285756e-01
-8.9385285756e-01
-8.9385285756e-01
-8.9385285756e-01
-8.9385285756e-01
-8.3333325000e-01
-8.3333325000e-01
-8.3333325000e-01
-8.3333325000e-01
-8.3333325000e-01
-8.3333325000e-01
-8.3333325000e-01
-8.3333325000e-01
-7.7281364244e-01
-7.7281364244e-01
-7.7281364244e-01
-7.7281364244e-01
-7.7281364244e-01
-7.7281364244e-01
-7.7281364244e-01
-7.7281364244e-01
-7.2046881365e-01
-7.2046881365e-01
-7.2046881365e-01
-7.2046881365e-01
-7.2046881365e-01
-7.2046881365e-01
-7.2046881365e-01
-7.2046881365e-01
-6.8337350912e-01
-6.8337350912e-01
-6.8337350912e-01
-6.8337350912e-01
-6.8337350912e-01
-6.8337350912e-01
-6.8337350912e-01
-6.8337350912e-01
-6.6666650000e-01
-6.6666650000e-01
-6.6666650000e-01
-6.6666650000e-01
-6.6666650000e-01
-6.6666650000e-01
-6.6666650000e-01
-6.6666650000e-01
-6.4995949088e-01
-6.4995949088e-01
-6.4995949088e-01
-6.4995949088e-01
-6.4995949088e-01
-6.4995949088e-01
-6.4995949088e-01
-6.4995949088e-01
-6.1286418635e-01
-6.1286418635e-01
-6.1286418635e-01
-6.1286418635e-01
-6.1286418635e-01
-6.1286418635e-01
-6.1286418635e-01
-6.1286418635e-01
-5.6051935756e-01
-5.6051935756e-01
-5.6051935756e-01
-5.6051935756e-01
-5.6051935756e-01
-5.6051935756e-01
-5.6051935756e-01
-5.6051935756e-01
-4.9999975000e-01
-4.9999975000e-01
-4.9999975000e-01
-4.9999975000e-01
-4.9999975000e-01
-4.9999975000e-01
-4.9999975000e-01
-4.9999975000e-01
-4.3948014244e-01
-4.3948014244e-01
-4.3948014244e-01
-4.3948014244e-01
-4.3948014244e-01
-4.3948014244e-01
-4.3948014244e-01
-4.3948014244e-01
-3.8713531365e-01
-3.8713531365e-01
-3.8713531365e-01
-3.8713531365e-01
-3.8713531365e-01
-3.8713531365e-01
-3.8713531365e-01
-3.8713531365e-01
-3.5004000912e-01
-3.5004000912e-01
-3.5004000912e-01
-3.5004000912e-01
-3.5004000912e-01
-3.5004000912e-01
-3.5004000912e-01
-3.5004000912e-01
-3.3333300000e-01
-3.3333300000e-01
-3.3333300000e-01
-3.3333300000e-01
-3.3333300000e-01
-3.3333300000e-01
-3.3333300000e-01
-3.3333300000e-01
-6.4995949088e-01
-6.4995949088e-01
-6.4995949088e-01
-6.4995949088e-01
-6.4995949088e-01
-6.4995949088e-01
-6.4995949088e-01
-6.4995949088e-01
-6.1286418635e-01
-6.1286418635e-01
-6.1286418635e-01
-6.1286418635e-01
-6.1286418635e-01
-6.1286418635e-01
-6.1286418635e-01
-6.1286418635e-01
-5.6051935756e-01
-5.6051935756e-01
-5.6051935756e-01
-5.6051935756e-01
-5.6051935756e-01
-5.6051935756e-01
-5.6051935756e-01
-5.6051935756e-01
-4.9999975000e-01
-4.9999975000e-01
-4.9999975000e-01
-4.9999975000e-01
-4.9999975000e-01
-4.9999975000e-01
-4.9999975000e-01
-4.9999975000e-01
-4.3948014244e-01
-4.3948014244e-01
-4.3948014244e-01
-4.3948014244e-01
-4.3948014244e-01
-4.3948014244e-01
-4.3948014244e-01
-4.3948014244e-01
-3.8713531365e-01
-3.8713531365e-01
-3.8713531365e-01
-3.8713531365e-01
-3.8713531365e-01
-3.8713531365e-01
-3.8713531365e-01
-3.8713531365e-01
-3.5004000912e-01
-3.5004000912e-01
-3.5004000912e-01
-3.5004000912e-01
-3.5004000912e-01
-3.5004000912e-01
-3.5004000912e-01
-3.5004000912e-01
-3.3333300000e-01
-3.3333300000e-01
-3.3333300000e-01
-3.3333300000e-01
-3.3333300000e-01
-3.3333300000e-01
-3.3333300000e-01
-3.3333300000e-01
-1.0000000000e+00
-1.0000000000e+00
-1.0000000000e+00
-1.0000000000e+00
-1.0000000000e+00
-1.0000000000e+00
-1.0000000000e+00
-1.0000000000e+00
-9.8329299088e-01
-9.8329299088e-01
-9.8329299088e-01
-9.8329299088e-01
-9.8329299088e-01
-9.8329299088e-01
-9.8329299088e-01
-9.8329299088e-01
-9.4619768635e-01
-9.4619768635e-01
-9.4619768635e-01
-9.4619768635e-01
-9.4619768635e-01
-9.4619768635e-01
-9.4619768635e-01
-9.4619768635e-01
-8.9385285756e-01
-8.9385285756e-01
-8.9385285756e-01
-8.9385285756e-01
-8.9385285756e-01
-8.9385285756e-01
-8.9385285756e-01
-8.9385285756e-01
-8.3333325000e-01
-8.3333325000e-01
-8.3333325000e-01
-8.3333325000e-01
-8.3333325000e-01
-8.3333325000e-01
-8.3333325000e-01
-8.3333325000e-01
-7.7281364244e-01
-7.7281364244e-01
-7.7281364244e-01
-7.7281364244e-01
-7.7281364244e-01
-7.7281364244e-01
-7.7281364244e-01
-7.7281364244e-01
-7.2046881365e-01
-7.2046881365e-01
-7.2046881365e-01
-7.2046881365e-01
-7.2046881365e-01
-7.2046881365e-01
-7.2046881365e-01
-7.2046881365e-01
-6.8337350912e-01
-6.8337350912e-01
-6.8337350912e-01
-6.8337350912e-01
-6.8337350912e-01
-6.8337350912e-01
-6.8337350912e-01
-6.8337350912e-01
-6.6666650000e-01
-6.6666650000e-01
-6.6666650000e-01
-6.6666650000e-01
-6.6666650000e-01
-6.6666650000e-01
-6.6666650000e-01
-6.6666650000e-01
-1.0000000000e+00
-1.0000000000e+00
-1.0000000000e+00
-1.0000000000e+00
-1.0000000000e+00
-1.0000000000e+00
-1.0000000000e+00
-1.0000000000e+00
-9.8329299088e-01
-9.8329299088e-01
-9.8329299088e-01
-9.8329299088e-01
-9.8329299088e-01
-9.8329299088e-01
-9.8329299088e-01
-9.8329299088e-01
-9.4619768635e-01
-9.4619768635e-01
-9.4619768635e-01
-9.4619768635e-01
-9.4619768635e-01
-9.4619768635e-01
-9.4619768635e-01
-9.4619768635e-01
-8.9385285756e-01
-8.9385285756e-01
-8.9385285756e-01
-8.9385285756e-01
-8.9385285756e-01
-8.9385285756e-01
-8.9385285756e-01
-8.9385285756e-01
-8.3333325000e-01
-8.3333325000e-01
-8.3333325000e-01
-8.3333325000e-01
-8.3333325000e-01
-8.3333325000e-01
-8.3333325000e-01
-8.3333325000e-01
-7.7281364244e-01
-7.7281364244e-01
-7.7281364244e-01
-7.7281364244e-01
-7.7281364244e-01
-7.7281364244e-01
-7.7281364244e-01
-7.7281364244e-01
-7.2046881365e-01
-7.2046881365e-01
-7.2046881365e-01
-7.2046881365e-01
-7.2046881365e-01
-7.2046881365e-01
-7.2046881365e-01
-7.2046881365e-01
-6.8337350912e-01
-6.8337350912e-01
-6.8337350912e-01
-6.8337350912e-01
-6.8337350912e-01
-6.8337350912e-01
-6.8337350912e-01
-6.8337350912e-01
-6.6666650000e-01
-6.6666650000e-01
-6.6666650000e-01
-6.6666650000e-01
-6.6666650000e-01
-6.6666650000e-01
-6.6666650000e-01
-6.6666650000e-01
-6.4995949088e-01
-6.4995949088e-01
-6.4995949088e-01
-6.4995949088e-01
-6.4995949088e-01
-6.4995949088e-01
-6.4995949088e-01
-6.4995949088e-01
-6.1286418635e-01
-6.1286418635e-01
-6.1286418635e-01
-6.1286418635e-01
-6.1286418635e-01
-6.1286418635e-01
-6.1286418635e-01
-6.1286418635e-01
-5.6051935756e-01
-5.6051935756e-01
-5.6051935756e-01
-5.6051935756e-01
-5.6051935756e-01
-5.6051935756e-01
-5.6051935756e-01
-5.6051935756e-01
-4.9999975000e-01
-4.9999975000e-01
-4.9999975000e-01
-4.9999975000e-01
-4.9999975000e-01
-4.9999975000e-01
-4.9999975000e-01
-4.9999975000e-01
-4.3948014244e-01
-4.3948014244e-01
-4.3948014244e-01
-4.3948014244e-01
-4.3948014244e-01
-4.3948014244e-01
-4.3948014244e-01
-4.3948014244e-01
-3.8713531365e-01
-3.8713531365e-01
-3.8713531365e-01
-3.8713531365e-01
-3.8713531365e-01
-3.8713531365e-01
-3.8713531365e-01
-3.8713531365e-01
-3.5004000912e-01
-3.5004000912e-01
-3.5004000912e-01
-3.5004000912e-01
-3.5004000912e-01
-3.5004000912e-01
-3.5004000912e-01
-3.5004000912e-01
-3.3333300000e-01
-3.3333300000e-01
-3.3333300000e-01
-3.3333300000e-01
-3.3333300000e-01
-3.3333300000e-01
-3.3333300000e-01
-3.3333300000e-01
-6.4995949088e-01
-6.4995949088e-01
-6.4995949088e-01
-6.4995949088e-01
-6.4995949088e-01
-6.4995949088e-01
-6.4995949088e-01
-6.4995949088e-01
-6.1286418635e-01
-6.1286418635e-01
-6.1286418635e-01
-6.1286418635e-01
-6.1286418635e-01
-6.1286418635e-01
-6.1286418635e-01
-6.1286418635e-01
-5.6051935756e-01
-5.6051935756e-01
-5.6051935756e-01
-5.6051935756e-01
-5.6051935756e-01
-5.6051935756e-01
-5.6051935756e-01
-5.6051935756e-01
-4.9999975000e-01
-4.9999975000e-01
-4.9999975000e-01
-4.9999975000e-01
-4.9999975000e-01
-4.9999975000e-01
-4.9999975000e-01
-4.9999975000e-01
-4.3948014244e-01
-4.3948014244e-01
-4.3948014244e-01
-4.3948014244e-01
-4.3948014244e-01
-4.3948014244e-01
-4.3948014244e-01
-4.3948014244e-01
-3.8713531365e-01
-3.8713531365e-01
-3.8713531365e-01
-3.8713531365e-01
-3.8713531365e-01
-3.8713531365e-01
-3.8713531365e-01
-3.8713531365e-01
-3.5004000912e-01
-3.5004000912e-01
-3.5004000912e-01
-3.5004000912e-01
-3.5004000912e-01
-3.5004000912e-01
-3.5004000912e-01
-3.5004000912e-01
-3.3333300000e-01
-3.3333300000e-01
-3.3333300000e-01
-3.3333300000e-01
-3.3333300000e-01
-3.3333300000e-01
-3.3333300000e-01
-3.3333300000e-01
-3.1662601594e-01
-3.1662601594e-01
-3.1662601594e-01
-3.1662601594e-01
-3.1662601594e-01
-3.1662601594e-01
-3.1662601594e-01
-3.1662601594e-01
-3.1662601594e-01
-2.7953076705e-01
-2.7953076705e-01
-2.7953076705e-01
-2.7953076705e-01
-2.7953076705e-01
-2.7953076705e-01
-2.7953076705e-01
-2.7953076705e-01
-2.7953076705e-01
-2.2718601678e-01
-2.2718601678e-01
-2.2718601678e-01
-2.2718601678e-01
-2.2718601678e-01
-2.2718601678e-01
-2.2718601678e-01
-2.2718601678e-01
-2.2718601678e-01
-1.6666650000e-01
-1.6666650000e-01
-1.6666650000e-01
-1.6666650000e-01
-1.6666650000e-01
-1.6666650000e-01
-1.6666650000e-01
-1.6666650000e-01
-1.6666650000e-01
-1.0614698322e-01
-1.0614698322e-01
-1.0614698322e-01
-1.0614698322e-01
-1.0614698322e-01
-1.0614698322e-01
-1.0614698322e-01
-1.0614698322e-01
-1.0614698322e-01
-5.3802232946e-02
-5.3802232946e-02
-5.3802232946e-02
-5.3802232946e-02
-5.3802232946e-02
-5.3802232946e-02
-5.3802232946e-02
-5.3802232946e-02
-5.3802232946e-02
-1.6706984058e-02
-1.6706984058e-02
-1.6706984058e-02
-1.6706984058e-02
-1.6706984058e-02
-1.6706984058e-02
-1.6706984058e-02
-1.6706984058e-02
-1.6706984058e-02
0.0000000000e+00
0.0000000000e+00
0.0000000000e+00
0.0000000000e+00
0.0000000000e+00
0.0000000000e+00
0.0000000000e+00
0.0000000000e+00
0.0000000000e+00
-3.1662601594e-01
-3.1662601594e-01
-3.1662601594e-01
-3.1662601594e-01
-3.1662601594e-01
-3.1662601594e-01
-3.1662601594e-01
-3.1662601594e-01
-2.7953076705e-01
-2.7953076705e-01
-2.7953076705e-01
-2.7953076705e-01
-2.7953076705e-01
-2.7953076705e-01
-2.7953076705e-01
-2.7953076705e-01
-2.2718601678e-01
-2.2718601678e-01
-2.2718601678e-01
-2.2718601678e-01
-2.2718601678e-01
-2.2718601678e-01
-2.2718601678e-01
-2.2718601678e-01
-1.6666650000e-01
-1.6666650000e-01
-1.6666650000e-01
-1.6666650000e-01
-1.6666650000e-01
-1.6666650000e-01
-1.6666650000e-01
-1.6666650000e-01
-1.0614698322e-01
-1.0614698322e-01
-1.0614698322e-01
-1.0614698322e-01
-1.0614698322e-01
-1.0614698322e-01
-1.0614698322e-01
-1.0614698322e-01
-5.3802232946e-02
-5.3802232946e-02
-5.3802232946e-02
-5.3802232946e-02
-5.3802232946e-02
-5.3802232946e-02
-5.3802232946e-02
-5.3802232946e-02
-1.6706984058e-02
-1.6706984058e-02
-1.6706984058e-02
-1.6706984058e-02
-1.6706984058e-02
-1.6706984058e-02
-1.6706984058e-02
-1.6706984058e-02
0.0000000000e+00
0.0000000000e+00
0.0000000000e+00
0.0000000000e+00
0.0000000000e+00
0.0000000000e+00
0.0000000000e+00
0.0000000000e+00
1.6706984058e-02
1.6706984058e-02
1.6706984058e-02
1.6706984058e-02
1.6706984058e-02
1.6706984058e-02
1.6706984058e-02
1.6706984058e-02
1.6706984058e-02
5.3802232946e-02
5.3802232946e-02
5.3802232946e-02
5.3802232946e-02
5.3802232946e-02
5.3802232946e-02
5.3802232946e-02
5.3802232946e-02
5.3802232946e-02
1.0614698322e-01
1.0614698322e-01
1.0614698322e-01
1.0614698322e-01
1.0614698322e-01
1.0614698322e-01
1.0614698322e-01
1.0614698322e-01
1.0614698322e-01
1.6666650000e-01
1.6666650000e-01
1.6666650000e-01
1.6666650000e-01
1.6666650000e-01
1.6666650000e-01
1.6666650000e-01
1.6666650000e-01
1.6666650000e-01
2.2718601678e-01
2.2718601678e-01
2.2718601678e-01
2.2718601678e-01
2.2718601678e-01
2.2718601678e-01
2.2718601678e-01
2.2718601678e-01
2.2718601678e-01
2.7953076705e-01
2.7953076705e-01
2.7953076705e-01
2.7953076705e-01
2.7953076705e-01
2.7953076705e-01
2.7953076705e-01
2.7953076705e-01
2.7953076705e-01
3.1662601594e-01
3.1662601594e-01
3.1662601594e-01
3.1662601594e-01
3.1662601594e-01
3.1662601594e-01
3.1662601594e-01
3.1662601594e-01
3.1662601594e-01
3.3333300000e-01
3.3333300000e-01
3.3333300000e-01
3.3333300000e-01
3.3333300000e-01
3.3333300000e-01
3.3333300000e-01
3.3333300000e-01
3.3333300000e-01
1.6706984058e-02
1.6706984058e-02
1.6706984058e-02
1.6706984058e-02
1.6706984058e-02
1.6706984058e-02
1.6706984058e-02
1.6706984058e-02
5.3802232946e-02
5.3802232946e-02
5.3802232946e-02
5.3802232946e-02
5.3802232946e-02
5.3802232946e-02
5.3802232946e-02
5.3802232946e-02
1.0614698322e-01
1.0614698322e-01
1.0614698322e-01
1.0614698322e-01
1.0614698322e-01
1.0614698322e-01
1.0614698322e-01
1.0614698322e-01
1.6666650000e-01
1.6666650000e-01
1.6666650000e-01
1.6666650000e-01
1.6666650000e-01
1.6666650000e-01
1.6666650000e-01
1.6666650000e-01
2.2718601678e-01
2.2718601678e-01
2.2718601678e-01
2.2718601678e-01
2.2718601678e-01
2.2718601678e-01
2.2718601678e-01
2.2718601678e-01
2.7953076705e-01
2.7953076705e-01
2.7953076705e-01
2.7953076705e-01
2.7953076705e-01
2.7953076705e-01
2.7953076705e-01
2.7953076705e-01
3.1662601594e-01
3.1662601594e-01
3.1662601594e-01
3.1662601594e-01
3.1662601594e-01
3.1662601594e-01
3.1662601594e-01
3.1662601594e-01
3.3333300000e-01
3.3333300000e-01
3.3333300000e-01
3.3333300000e-01
3.3333300000e-01
3.3333300000e-01
3.3333300000e-01
3.3333300000e-01
-3.1662601594e-01
-3.1662601594e-01
-3.1662601594e-01
-3.1662601594e-01
-3.1662601594e-01
-3.1662601594e-01
-3.1662601594e-01
-3.1662601594e-01
-2.7953076705e-01
-2.7953076705e-01
-2.7953076705e-01
-2.7953076705e-01
-2.7953076705e-01
-2.7953076705e-01
-2.7953076705e-01
-2.7953076705e-01
-2.2718601678e-01
-2.2718601678e-01
-2.2718601678e-01
-2.2718601678e-01
-2.2718601678e-01
-2.2718601678e-01
-2.2718601678e-01
-2.2718601678e-01
-1.6666650000e-01
-1.6666650000e-01
-1.6666650000e-01
-1.6666650000e-01
-1.6666650000e-01
-1.6666650000e-01
-1.6666650000e-01
-1.6666650000e-01
-1.0614698322e-01
-1.0614698322e-01
-1.0614698322e-01
-1.0614698322e-01
-1.0614698322e-01
-1.0614698322e-01
-1.0614698322e-01
-1.0614698322e-01
-5.3802232946e-02
-5.3802232946e-02
-5.3802232946e-02
-5.3802232946e-02
-5.3802232946e-02
-5.3802232946e-02
-5.3802232946e-02
-5.3802232946e-02
-1.6706984058e-02
-1.6706984058e-02
-1.6706984058e-02
-1.6706984058e-02
-1.6706984058e-02
-1.6706984058e-02
-1.6706984058e-02
-1.6706984058e-02
0.0000000000e+00
0.0000000000e+00
0.0000000000e+00
0.0000000000e+00
0.0000000000e+00
0.0000000000e+00
0.0000000000e+00
0.0000000000e+00
-3.1662601594e-01
-3.1662601594e-01
-3.1662601594e-01
-3.1662601594e-01
-3.1662601594e-01
-3.1662601594e-01
-3.1662601594e-01
-3.1662601594e-01
-2.7953076705e-01
-2.7953076705e-01
-2.7953076705e-01
-2.7953076705e-01
-2.7953076705e-01
-2.7953076705e-01
-2.7953076705e-01
-2.7953076705e-01
-2.2718601678e-01
-2.2718601678e-01
-2.2718601678e-01
-2.2718601678e-01
-2.2718601678e-01
-2.2718601678e-01
-2.2718601678e-01
-2.2718601678e-01
-1.6666650000e-01
-1.6666650000e-01
-1.6666650000e-01
-1.6666650000e-01
-1.6666650000e-01
-1.6666650000e-01
-1.6666650000e-01
-1.6666650000e-01
-1.0614698322e-01
-1.0614698322e-01
-1.0614698322e-01
-1.0614698322e-01
-1.0614698322e-01
-1.0614698322e-01
-1.0614698322e-01
-1.0614698322e-01
-5.3802232946e-02
-5.3802232946e-02
-5.3802232946e-02
-5.3802232946e-02
-5.3802232946e-02
-5.3802232946e-02
-5.3802232946e-02
-5.3802232946e-02
-1.6706984058e-02
-1.6706984058e-02
-1.6706984058e-02
-1.6706984058e-02
-1.6706984058e-02
-1.6706984058e-02
-1.6706984058e-02
-1.6706984058e-02
0.0000000000e+00
0.0000000000e+00
0.0000000000e+00
0.0000000000e+00
0.0000000000e+00
0.0000000000e+00
0.0000000000e+00
0.0000000000e+00
1.6706984058e-02
1.6706984058e-02
1.6706984058e-02
1.6706984058e-02
1.6706984058e-02
1.6706984058e-02
1.6706984058e-02
1.6706984058e-02
5.3802232946e-02
5.3802232946e-02
5.3802232946e-02
5.3802232946e-02
5.3802232946e-02
5.3802232946e-02
5.3802232946e-02
5.3802232946e-02
1.0614698322e-01
1.0614698322e-01
1.0614698322e-01
1.0614698322e-01
1.0614698322e-01
1.0614698322e-01
1.0614698322e-01
1.0614698322e-01
1.6666650000e-01
1.6666650000e-01
1.6666650000e-01
1.6666650000e-01
1.6666650000e-01
1.6666650000e-01
1.6666650000e-01
1.6666650000e-01
2.2718601678e-01
2.2718601678e-01
2.2718601678e-01
2.2718601678e-01
2.2718601678e-01
2.2718601678e-01
2.2718601678e-01
2.2718601678e-01
2.7953076705e-01
2.7953076705e-01
2.7953076705e-01
2.7953076705e-01
2.7953076705e-01
2.7953076705e-01
2.7953076705e-01
2.7953076705e-01
3.1662601594e-01
3.1662601594e-01
3.1662601594e-01
3.1662601594e-01
3.1662601594e-01
3.1662601594e-01
3.1662601594e-01
3.1662601594e-01
3.3333300000e-01
3.3333300000e-01
3.3333300000e-01
3.3333300000e-01
3.3333300000e-01
3.3333300000e-01
3.3333300000e-01
3.3333300000e-01
1.6706984058e-02
1.6706984058e-02
1.6706984058e-02
1.6706984058e-02
1.6706984058e-02
1.6706984058e-02
1.6706984058e-02
1.6706984058e-02
5.3802232946e-02
5.3802232946e-02
5.3802232946e-02
5.3802232946e-02
5.3802232946e-02
5.3802232946e-02
5.3802232946e-02
5.3802232946e-02
1.0614698322e-01
1.0614698322e-01
1.0614698322e-01
1.0614698322e-01
1.0614698322e-01
1.0614698322e-01
1.0614698322e-01
1.0614698322e-01
1.6666650000e-01
1.6666650000e-01
1.6666650000e-01
1.6666650000e-01
1.6666650000e-01
1.6666650000e-01
1.6666650000e-01
1.6666650000e-01
2.2718601678e-01
2.2718601678e-01
2.2718601678e-01
2.2718601678e-01
2.2718601678e-01
2.2718601678e-01
2.2718601678e-01
2.2718601678e-01
2.7953076705e-01
2.7953076705e-01
2.7953076705e-01
2.7953076705e-01
2.7953076705e-01
2.7953076705e-01
2.7953076705e-01
2.7953076705e-01
3.1662601594e-01
3.1662601594e-01
3.1662601594e-01
3.1662601594e-01
3.1662601594e-01
3.1662601594e-01
3.1662601594e-01
3.1662601594e-01
3.3333300000e-01
3.3333300000e-01
3.3333300000e-01
3.3333300000e-01
3.3333300000e-01
3.3333300000e-01
3.3333300000e-01
3.3333300000e-01
-3.1662601594e-01
-3.1662601594e-01
-3.1662601594e-01
-3.1662601594e-01
-3.1662601594e-01
-3.1662601594e-01
-3.1662601594e-01
-3.1662601594e-01
-2.7953076705e-01
-2.7953076705e-01
-2.7953076705e-01
-2.7953076705e-01
-2.7953076705e-01
-2.7953076705e-01
-2.7953076705e-01
-2.7953076705e-01
-2.2718601678e-01
-2.2718601678e-01
-2.2718601678e-01
-2.2718601678e-01
-2.2718601678e-01
-2.2718601678e-01
-2.2718601678e-01
-2.2718601678e-01
-1.6666650000e-01
-1.6666650000e-01
-1.6666650000e-01
-1.6666650000e-01
-1.6666650000e-01
-1.6666650000e-01
-1.6666650000e-01
-1.6666650000e-01
-1.0614698322e-01
-1.0614698322e-01
-1.0614698322e-01
-1.0614698322e-01
-1.0614698322e-01
-1.0614698322e-01
-1.0614698322e-01
-1.0614698322e-01
-5.3802232946e-02
-5.3802232946e-02
-5.3802232946e-02
-5.3802232946e-02
-5.3802232946e-02
-5.3802232946e-02
-5.3802232946e-02
-5.3802232946e-02
-1.6706984058e-02
-1.6706984058e-02
-1.6706984058e-02
-1.6706984058e-02
-1.6706984058e-02
-1.6706984058e-02
-1.6706984058e-02
-1.6706984058e-02
0.0000000000e+00
0.0000000000e+00
0.0000000000e+00
0.0000000000e+00
0.0000000000e+00
0.0000000000e+00
0.0000000000e+00
0.0000000000e+00
-3.1662601594e-01
-3.1662601594e-01
-3.1662601594e-01
-3.1662601594e-01
-3.1662601594e-01
-3.1662601594e-01
-3.1662601594e-01
-3.1662601594e-01
-2.7953076705e-01
-2.7953076705e-01
-2.7953076705e-01
-2.7953076705e-01
-2.7953076705e-01
-2.7953076705e-01
-2.7953076705e-01
-2.7953076705e-01
-2.2718601678e-01
-2.2718601678e-01
-2.2718601678e-01
-2.2718601678e-01
-2.2718601678e-01
-2.2718601678e-01
-2.2718601678e-01
-2.2718601678e-01
-1.6666650000e-01
-1.6666650000e-01
-1.6666650000e-01
-1.6666650000e-01
-1.6666650000e-01
-1.6666650000e-01
-1.6666650000e-01
-1.6666650000e-01
-1.0614698322e-01
-1.0614698322e-01
-1.0614698322e-01
-1.0614698322e-01
-1.0614698322e-01
-1.0614698322e-01
-1.0614698322e-01
-1.0614698322e-01
-5.3802232946e-02
-5.3802232946e-02
-5.3802232946e-02
-5.3802232946e-02
-5.3802232946e-02
-5.3802232946e-02
-5.3802232946e-02
-5.3802232946e-02
-1.6706984058e-02
-1.6706984058e-02
-1.6706984058e-02
-1.6706984058e-02
-1.6706984058e-02
-1.6706984058e-02
-1.6706984058e-02
-1.6706984058e-02
0.0000000000e+00
0.0000000000e+00
0.0000000000e+00
0.0000000000e+00
0.0000000000e+00
0.0000000000e+00
0.0000000000e+00
0.0000000000e+00
1.6706984058e-02
1.6706984058e-02
1.6706984058e-02
1.6706984058e-02
1.6706984058e-02
1.6706984058e-02
1.6706984058e-02
1.6706984058e-02
5.3802232946e-02
5.3802232946e-02
5.3802232946e-02
5.3802232946e-02
5.3802232946e-02
5.3802232946e-02
5.3802232946e-02
5.3802232946e-02
1.0614698322e-01
1.0614698322e-01
1.0614698322e-01
1.0614698322e-01
1.0614698322e-01
1.0614698322e-01
1.0614698322e-01
1.0614698322e-01
1.6666650000e-01
1.6666650000e-01
1.6666650000e-01
1.6666650000e-01
1.6666650000e-01
1.6666650000e-01
1.6666650000e-01
1.6666650000e-01
2.2718601678e-01
2.2718601678e-01
2.2718601678e-01
2.2718601678e-01
2.2718601678e-01
2.2718601678e-01
2.2718601678e-01
2.2718601678e-01
2.7953076705e-01
2.7953076705e-01
2.7953076705e-01
2.7953076705e-01
2.7953076705e-01
2.7953076705e-01
2.7953076705e-01
2.7953076705e-01
3.1662601594e-01
3.1662601594e-01
3.1662601594e-01
3.1662601594e-01
3.1662601594e-01
3.1662601594e-01
3.1662601594e-01
3.1662601594e-01
3.3333300000e-01
3.3333300000e-01
3.3333300000e-01
3.3333300000e-01
3.3333300000e-01
3.3333300000e-01
3.3333300000e-01
3.3333300000e-01
1.6706984058e-02
1.6706984058e-02
1.6706984058e-02
1.6706984058e-02
1.6706984058e-02
1.6706984058e-02
1.6706984058e-02
1.6706984058e-02
5.3802232946e-02
5.3802232946e-02
5.3802232946e-02
5.3802232946e-02
5.3802232946e-02
5.3802232946e-02
5.3802232946e-02
5.3802232946e-02
1.0614698322e-01
1.0614698322e-01
1.0614698322e-01
1.0614698322e-01
1.0614698322e-01
1.0614698322e-01
1.0614698322e-01
1.0614698322e-01
1.6666650000e-01
1.6666650000e-01
1.6666650000e-01
1.6666650000e-01
1.6666650000e-01
1.6666650000e-01
1.6666650000e-01
1.6666650000e-01
2.2718601678e-01
2.2718601678e-01
2.2718601678e-01
2.2718601678e-01
2.2718601678e-01
2.2718601678e-01
2.2718601678e-01
2.2718601678e-01
2.7953076705e-01
2.7953076705e-01
2.7953076705e-01
2.7953076705e-01
2.7953076705e-01
2.7953076705e-01
2.7953076705e-01
2.7953076705e-01
3.1662601594e-01
3.1662601594e-01
3.1662601594e-01
3.1662601594e-01
3.1662601594e-01
3.1662601594e-01
3.1662601594e-01
3.1662601594e-01
3.3333300000e-01
3.3333300000e-01
3.3333300000e-01
3.3333300000e-01
3.3333300000e-01
3.3333300000e-01
3.3333300000e-01
3.3333300000e-01
3.5004000912e-01
3.5004000912e-01
3.5004000912e-01
3.5004000912e-01
3.5004000912e-01
3.5004000912e-01
3.5004000912e-01
3.5004000912e-01
3.5004000912e-01
3.8713531365e-01
3.8713531365e-01
3.8713531365e-01
3.8713531365e-01
3.8713531365e-01
3.8713531365e-01
3.8713531365e-01
3.8713531365e-01
3.8713531365e-01
4.3948014244e-01
4.3948014244e-01
4.3948014244e-01
4.3948014244e-01
4.3948014244e-01
4.3948014244e-01
4.3948014244e-01
4.3948014244e-01
4.3948014244e-01
4.9999975000e-01
4.9999975000e-01
4.9999975000e-01
4.9999975000e-01
4.9999975000e-01
4.9999975000e-01
4.9999975000e-01
4.9999975000e-01
4.9999975000e-01
5.6051935756e-01
5.6051935756e-01
5.6051935756e-01
5.6051935756e-01
5.6051935756e-01
5.6051935756e-01
5.6051935756e-01
5.6051935756e-01
5.6051935756e-01
6.1286418635e-01
6.1286418635e-01
6.1286418635e-01
6.1286418635e-01
6.1286418635e-01
6.1286418635e-01
6.1286418635e-01
6.1286418635e-01
6.1286418635e-01
6.4995949088e-01
6.4995949088e-01
6.4995949088e-01
6.4995949088e-01
6.4995949088e-01
6.4995949088e-01
6.4995949088e-01
6.4995949088e-01
6.4995949088e-01
6.6666650000e-01
6.6666650000e-01
6.6666650000e-01
6.6666650000e-01
6.6666650000e-01
6.6666650000e-01
6.6666650000e-01
6.6666650000e-01
6.6666650000e-01
3.5004000912e-01
3.5004000912e-01
3.5004000912e-01
3.5004000912e-01
3.5004000912e-01
3.5004000912e-01
3.5004000912e-01
3.5004000912e-01
3.8713531365e-01
3.8713531365e-01
3.8713531365e-01
3.8713531365e-01
3.8713531365e-01
3.8713531365e-01
3.8713531365e-01
3.8713531365e-01
4.3948014244e-01
4.3948014244e-01
4.3948014244e-01
4.3948014244e-01
4.3948014244e-01
4.3948014244e-01
4.3948014244e-01
4.3948014244e-01
4.9999975000e-01
4.9999975000e-01
4.9999975000e-01
4.9999975000e-01
4.9999975000e-01
4.9999975000e-01
4.9999975000e-01
4.9999975000e-01
5.6051935756e-01
5.6051935756e-01
5.6051935756e-01
5.6051935756e-01
5.6051935756e-01
5.6051935756e-01
5.6051935756e-01
5.6051935756e-01
6.1286418635e-01
6.1286418635e-01
6.1286418635e-01
6.1286418635e-01
6.1286418635e-01
6.1286418635e-01
6.1286418635e-01
6.1286418635e-01
6.4995949088e-01
6.4995949088e-01
6.4995949088e-01
6.4995949088e-01
6.4995949088e-01
6.4995949088e-01
6.4995949088e-01
6.4995949088e-01
6.6666650000e-01
6.6666650000e-01
6.6666650000e-01
6.6666650000e-01
6.6666650000e-01
6.6666650000e-01
6.6666650000e-01
6.6666650000e-01
6.8337350912e-01
6.8337350912e-01
6.8337350912e-01
6.8337350912e-01
6.8337350912e-01
6.8337350912e-01
6.8337350912e-01
6.8337350912e-01
6.8337350912e-01
7.2046881365e-01
7.2046881365e-01
7.2046881365e-01
7.2046881365e-01
7.2046881365e-01
7.2046881365e-01
7.2046881365e-01
7.2046881365e-01
7.2046881365e-01
7.7281364244e-01
7.7281364244e-01
7.7281364244e-01
7.7281364244e-01
7.7281364244e-01
7.7281364244e-01
7.7281364244e-01
7.7281364244e-01
7.7281364244e-01
8.3333325000e-01
8.3333325000e-01
8.3333325000e-01
8.3333325000e-01
8.3333325000e-01
8.3333325000e-01
8.3333325000e-01
8.3333325000e-01
8.3333325000e-01
8.9385285756e-01
8.9385285756e-01
8.9385285756e-01
8.9385285756e-01
8.9385285756e-01
8.9385285756e-01
8.9385285756e-01
8.9385285756e-01
8.9385285756e-01
9.4619768635e-01
9.4619768635e-01
9.4619768635e-01
9.4619768635e-01
9.4619768635e-01
9.4619768635e-01
9.4619768635e-01
9.4619768635e-01
9.4619768635e-01
9.8329299088e-01
9.8329299088e-01
9.8329299088e-01
9.8329299088e-01
9.8329299088e-01
9.8329299088e-01
9.8329299088e-01
9.8329299088e-01
9.8329299088e-01
1.0000000000e+00
1.0000000000e+00
1.0000000000e+00
1.0000000000e+00
1.0000000000e+00
1.0000000000e+00
1.0000000000e+00
1.0000000000e+00
1.0000000000e+00
6.8337350912e-01
6.8337350912e-01
6.8337350912e-01
6.8337350912e-01
6.8337350912e-01
6.8337350912e-01
6.8337350912e-01
6.8337350912e-01
7.2046881365e-01
7.2046881365e-01
7.2046881365e-01
7.2046881365e-01
7.2046881365e-01
7.2046881365e-01
7.2046881365e-01
7.2046881365e-01
7.7281364244e-01
7.7281364244e-01
7.7281364244e-01
7.7281364244e-01
7.7281364244e-01
7.7281364244e-01
7.7281364244e-01
7.7281364244e-01
8.3333325000e-01
8.3333325000e-01
8.3333325000e-01
8.3333325000e-01
8.3333325000e-01
8.3333325000e-01
8.3333325000e-01
8.3333325000e-01
8.9385285756e-01
8.9385285756e-01
8.9385285756e-01
8.9385285756e-01
8.9385285756e-01
8.9385285756e-01
8.9385285756e-01
8.9385285756e-01
9.4619768635e-01
9.4619768635e-01
9.4619768635e-01
9.4619768635e-01
9.4619768635e-01
9.4619768635e-01
9.4619768635e-01
9.4619768635e-01
9.8329299088e-01
9.8329299088e-01
9.8329299088e-01
9.8329299088e-01
9.8329299088e-01
9.8329299088e-01
9.8329299088e-01
9.8329299088e-01
1.0000000000e+00
1.0000000000e+00
1.0000000000e+00
1.0000000000e+00
1.0000000000e+00
1.0000000000e+00
1.0000000000e+00
1.0000000000e+00
3.5004000912e-01
3.5004000912e-01
3.5004000912e-01
3.5004000912e-01
3.5004000912e-01
3.5004000912e-01
3.5004000912e-01
3.5004000912e-01
3.8713531365e-01
3.8713531365e-01
3.8713531365e-01
3.8713531365e-01
3.8713531365e-01
3.8713531365e-01
3.8713531365e-01
3.8713531365e-01
4.3948014244e-01
4.3948014244e-01
4.3948014244e-01
4.3948014244e-01
4.3948014244e-01
4.3948014244e-01
4.3948014244e-01
4.3948014244e-01
4.9999975000e-01
4.9999975000e-01
4.9999975000e-01
4.9999975000e-01
4.9999975000e-01
4.9999975000e-01
4.9999975000e-01
4.9999975000e-01
5.6051935756e-01
5.6051935756e-01
5.6051935756e-01
5.6051935756e-01
5.6051935756e-01
5.6051935756e-01
5.6051935756e-01
5.6051935756e-01
6.1286418635e-01
6.1286418635e-01
6.1286418635e-01
6.1286418635e-01
6.1286418635e-01
6.1286418635e-01
6.1286418635e-01
6.1286418635e-01
6.4995949088e-01
6.4995949088e-01
6.4995949088e-01
6.4995949088e-01
6.4995949088e-01
6.4995949088e-01
6.4995949088e-01
6.4995949088e-01
6.6666650000e-01
6.6666650000e-01
6.6666650000e-01
6.6666650000e-01
6.6666650000e-01
6.6666650000e-01
6.6666650000e-01
6.6666650000e-01
3.5004000912e-01
3.5004000912e-01
3.5004000912e-01
3.5004000912e-01
3.5004000912e-01
3.5004000912e-01
3.5004000912e-01
3.5004000912e-01
3.8713531365e-01
3.8713531365e-01
3.8713531365e-01
3.8713531365e-01
3.8713531365e-01
3.8713531365e-01
3.8713531365e-01
3.8713531365e-01
4.3948014244e-01
4.3948014244e-01
4.3948014244e-01
4.3948014244e-01
4.3948014244e-01
4.3948014244e-01
4.3948014244e-01
4.3948014244e-01
4.9999975000e-01
4.9999975000e-01
4.9999975000e-01
4.9999975000e-01
4.9999975000e-01
4.9999975000e-01
4.9999975000e-01
4.9999975000e-01
5.6051935756e-01
5.6051935756e-01
5.6051935756e-01
5.6051935756e-01
5.6051935756e-01
5.6051935756e-01
5.6051935756e-01
5.6051935756e-01
6.1286418635e-01
6.1286418635e-01
6.1286418635e-01
6.1286418635e-01
6.1286418635e-01
6.1286418635e-01
6.1286418635e-01
6.1286418635e-01
6.4995949088e-01
6.4995949088e-01
6.4995949088e-01
6.4995949088e-01
6.4995949088e-01
6.4995949088e-01
6.4995949088e-01
6.4995949088e-01
6.6666650000e-01
6.6666650000e-01
6.6666650000e-01
6.6666650000e-01
6.6666650000e-01
6.6666650000e-01
6.6666650000e-01
6.6666650000e-01
6.8337350912e-01
6.8337350912e-01
6.8337350912e-01
6.8337350912e-01
6.8337350912e-01
6.8337350912e-01
6.8337350912e-01
6.8337350912e-01
7.2046881365e-01
7.2046881365e-01
7.2046881365e-01
7.2046881365e-01
7.2046881365e-01
7.2046881365e-01
7.2046881365e-01
7.2046881365e-01
7.7281364244e-01
7.7281364244e-01
7.7281364244e-01
7.7281364244e-01
7.7281364244e-01
7.7281364244e-01
7.7281364244e-01
7.7281364244e-01
8.3333325000e-01
8.3333325000e-01
8.3333325000e-01
8.3333325000e-01
8.3333325000e-01
8.3333325000e-01
8.3333325000e-01
8.3333325000e-01
8.9385285756e-01
8.9385285756e-01
8.9385285756e-01
8.9385285756e-01
8.9385285756e-01
8.9385285756e-01
8.9385285756e-01
8.9385285756e-01
9.4619768635e-01
9.4619768635e-01
9.4619768635e-01
9.4619768635e-01
9.4619768635e-01
9.4619768635e-01
9.4619768635e-01
9.4619768635e-01
9.8329299088e-01
9.8329299088e-01
9.8329299088e-01
9.8329299088e-01
9.8329299088e-01
9.8329299088e-01
9.8329299088e-01
9.8329299088e-01
1.0000000000e+00
1.0000000000e+00
1.0000000000e+00
1.0000000000e+00
1.0000000000e+00
1.0000000000e+00
1.0000000000e+00
1.0000000000e+00
6.8337350912e-01
6.8337350912e-01
6.8337350912e-01
6.8337350912e-01
6.8337350912e-01
6.8337350912e-01
6.8337350912e-01
6.8337350912e-01
7.2046881365e-01
7.2046881365e-01
7.2046881365e-01
7.2046881365e-01
7.2046881365e-01
7.2046881365e-01
7.2046881365e-01
7.2046881365e-01
7.7281364244e-01
7.7281364244e-01
7.7281364244e-01
7.7281364244e-01
7.7281364244e-01
7.7281364244e-01
7.7281364244e-01
7.7281364244e-01
8.3333325000e-01
8.3333325000e-01
8.3333325000e-01
8.3333325000e-01
8.3333325000e-01
8.3333325000e-01
8.3333325000e-01
8.3333325000e-01
8.9385285756e-01
8.9385285756e-01
8.9385285756e-01
8.9385285756e-01
8.9385285756e-01
8.9385285756e-01
8.9385285756e-01
8.9385285756e-01
9.4619768635e-01
9.4619768635e-01
9.4619768635e-01
9.4619768635e-01
9.4619768635e-01
9.4619768635e-01
9.4619768635e-01
9.4619768635e-01
9.8329299088e-01
9.8329299088e-01
9.8329299088e-01
9.8329299088e-01
9.8329299088e-01
9.8329299088e-01
9.8329299088e-01
9.8329299088e-01
1.0000000000e+00
1.0000000000e+00
1.0000000000e+00
1.0000000000e+00
1.0000000000e+00
1.0000000000e+00
1.0000000000e+00
1.0000000000e+00
3.5004000912e-01
3.5004000912e-01
3.5004000912e-01
3.5004000912e-01
3.5004000912e-01
3.5004000912e-01
3.5004000912e-01
3.5004000912e-01
3.8713531365e-01
3.8713531365e-01
3.8713531365e-01
3.8713531365e-01
3.8713531365e-01
3.8713531365e-01
3.8713531365e-01
3.8713531365e-01
4.3948014244e-01
4.3948014244e-01
4.3948014244e-01
4.3948014244e-01
4.3948014244e-01
4.3948014244e-01
4.3948014244e-01
4.3948014244e-01
4.9999975000e-01
4.9999975000e-01
4.9999975000e-01
4.9999975000e-01
4.9999975000e-01
4.9999975000e-01
4.9999975000e-01
4.9999975000e-01
5.6051935756e-01
5.6051935756e-01
5.6051935756e-01
5.6051935756e-01
5.6051935756e-01
5.6051935756e-01
5.6051935756e-01
5.6051935756e-01
6.1286418635e-01
6.1286418635e-01
6.1286418635e-01
6.1286418635e-01
6.1286418635e-01
6.1286418635e-01
6.1286418635e-01
6.1286418635e-01
6.4995949088e-01
6.4995949088e-01
6.4995949088e-01
6.4995949088e-01
6.4995949088e-01
6.4995949088e-01
6.4995949088e-01
6.4995949088e-01
6.6666650000e-01
6.6666650000e-01
6.6666650000e-01
6.6666650000e-01
6.6666650000e-01
6.6666650000e-01
6.6666650000e-01
6.6666650000e-01
3.5004000912e-01
3.5004000912e-01
3.5004000912e-01
3.5004000912e-01
3.5004000912e-01
3.5004000912e-01
3.5004000912e-01
3.5004000912e-01
3.8713531365e-01
3.8713531365e-01
3.8713531365e-01
3.8713531365e-01
3.8713531365e-01
3.8713531365e-01
3.8713531365e-01
3.8713531365e-01
4.3948014244e-01
4.3948014244e-01
4.3948014244e-01
4.3948014244e-01
4.3948014244e-01
4.3948014244e-01
4.3948014244e-01
4.3948014244e-01
4.9999975000e-01
4.9999975000e-01
4.9999975000e-01
4.9999975000e-01
4.9999975000e-01
4.9999975000e-01
4.9999975000e-01
4.9999975000e-01
5.6051935756e-01
5.6051935756e-01
5.6051935756e-01
5.6051935756e-01
5.6051935756e-01
5.6051935756e-01
5.6051935756e-01
5.6051935756e-01
6.1286418635e-01
6.1286418635e-01
6.1286418635e-01
6.1286418635e-01
6.1286418635e-01
6.1286418635e-01
6.1286418635e-01
6.1286418635e-01
6.4995949088e-01
6.4995949088e-01
6.4995949088e-01
6.4995949088e-01
6.4995949088e-01
6.4995949088e-01
6.4995949088e-01
6.4995949088e-01
6.6666650000e-01
6.6666650000e-01
6.6666650000e-01
6.6666650000e-01
6.6666650000e-01
6.6666650000e-01
6.6666650000e-01
6.6666650000e-01
6.8337350912e-01
6.8337350912e-01
6.8337350912e-01
6.8337350912e-01
6.8337350912e-01
6.8337350912e-01
6.8337350912e-01
6.8337350912e-01
7.2046881365e-01
7.2046881365e-01
7.2046881365e-01
7.2046881365e-01
7.2046881365e-01
7.2046881365e-01
7.2046881365e-01
7.2046881365e-01
7.7281364244e-01
7.7281364244e-01
7.7281364244e-01
7.7281364244e-01
7.7281364244e-01
7.7281364244e-01
7.7281364244e-01
7.7281364244e-01
8.3333325000e-01
8.3333325000e-01
8.3333325000e-01
8.3333325000e-01
8.3333325000e-01
8.3333325000e-01
8.3333325000e-01
8.3333325000e-01
8.9385285756e-01
8.9385285756e-01
8.9385285756e-01
8.9385285756e-01
8.9385285756e-01
8.9385285756e-01
8.9385285756e-01
8.9385285756e-01
9.4619768635e-01
9.4619768635e-01
9.4619768635e-01
9.4619768635e-01
9.4619768635e-01
9.4619768635e-01
9.4619768635e-01
9.4619768635e-01
9.8329299088e-01
9.8329299088e-01
9.8329299088e-01
9.8329299088e-01
9.8329299088e-01
9.8329299088e-01
9.8329299088e-01
9.8329299088e-01
1.0000000000e+00
1.0000000000e+00
1.0000000000e+00
1.0000000000e+00
1.0000000000e+00
1.0000000000e+00
1.0000000000e+00
1.0000000000e+00
6.8337350912e-01
6.8337350912e-01
6.8337350912e-01
6.8337350912e-01
6.8337350912e-01
6.8337350912e-01
6.8337350912e-01
6.8337350912e-01
7.2046881365e-01
7.2046881365e-01
7.2046881365e-01
7.2046881365e-01
7.2046881365e-01
7.2046881365e-01
7.2046881365e-01
7.2046881365e-01
7.7281364244e-01
7.7281364244e-01
7.7281364244e-01
7.7281364244e-01
7.7281364244e-01
7.7281364244e-01
7.7281364244e-01
7.7281364244e-01
8.3333325000e-01
8.3333325000e-01
8.3333325000e-01
8.3333325000e-01
8.3333325000e-01
8.3333325000e-01
8.3333325000e-01
8.3333325000e-01
8.9385285756e-01
8.9385285756e-01
8.9385285756e-01
8.9385285756e-01
8.9385285756e-01
8.9385285756e-01
8.9385285756e-01
8.9385285756e-01
9.4619768635e-01
9.4619768635e-01
9.4619768635e-01
9.4619768635e-01
9.4619768635e-01
9.4619768635e-01
9.4619768635e-01
9.4619768635e-01
9.8329299088e-01
9.8329299088e-01
9.8329299088e-01
9.8329299088e-01
9.8329299088e-01
9.8329299088e-01
9.8329299088e-01
9.8329299088e-01
1.0000000000e+00
1.0000000000e+00
1.0000000000e+00
1.0000000000e+00
1.0000000000e+00
1.0000000000e+00
1.0000000000e+00
1.0000000000e+00
